c
c start with comments
c
p cnf 53 188
-26 4 46 -52 -34 0
-28 -29 0
-6 -26 7 -4 -51 0
7 -8 39 -51 20 -24 0
5 34 32 19 0
27 30 0
-15 -15 -32 0
3 -2 -18 0
-47 15 -32 0
53 16 45 44 0
-29 -7 40 17 0
53 -9 -25 16 -13 0
45 12 10 -16 -23 0
-7 3 -36 0
-9 25 11 0
10 17 0
-10 2 9 34 21 0
-23 43 -24 -29 15 0
35 53 52 -43 0
-16 -4 0
27 36 18 18 -36 0
44 -8 0
-44 43 -33 20 52 0
22 8 -17 -37 0
-4 26 0
43 9 0
-22 -27 -46 -14 44 0
-29 -7 0
25 -38 -2 37 37 -24 0
14 11 -42 -35 0
46 -22 33 26 0
32 42 -31 0
-40 49 -30 30 -39 0
-5 51 0
-44 40 0
35 -31 19 5 0
-26 -52 36 -33 -36 0
-32 42 10 14 -12 -39 0
-41 34 -32 34 -14 37 0
-49 21 0
23 -23 -26 -40 0
4 -10 0
44 -26 0
-36 -19 0
-24 47 -21 40 -48 0
24 2 -10 7 20 0
40 -8 -10 0
-4 -41 0
-47 34 -40 0
1 15 25 -19 -20 46 0
1 -49 -33 0
6 44 37 -3 0
-11 50 -24 -21 0
32 10 42 15 -44 0
8 -26 28 -40 -6 0
38 -44 29 0
-49 -27 5 48 15 0
38 -17 -26 15 -45 0
18 2 -15 -42 -44 0
8 11 27 -6 40 -27 0
-7 25 -31 30 49 0
17 43 -30 23 48 38 0
-35 -40 0
29 -37 33 15 51 6 0
17 -20 -21 19 -16 0
-7 43 8 0
-17 10 0
-42 -50 -30 0
-53 45 -18 0
-26 37 -32 -35 -7 0
-13 -26 0
34 27 -18 -6 0
-12 -8 0
19 -48 45 0
-7 8 48 0
6 -3 38 -10 0
-13 -9 -33 -51 0
-2 18 -22 -17 0
-45 -37 -39 53 0
-10 -36 28 16 -52 -51 0
-23 37 -30 0
49 48 -16 0
-22 38 46 0
42 23 45 -16 4 0
-14 13 30 30 0
49 -36 24 -27 0
-39 26 11 37 30 0
-50 -17 7 50 18 0
-6 -2 28 0
47 17 -49 0
-15 44 0
3 -43 -41 0
-49 -41 -43 43 -22 0
-46 18 41 47 0
-44 -33 0
-40 49 10 47 -44 0
-34 -17 28 22 18 26 0
40 -23 -52 0
-39 40 -14 0
-24 -49 29 -42 -11 0
-1 50 -42 8 0
-2 47 40 23 -46 2 0
2 14 -47 0
-40 45 11 -42 25 0
-19 14 45 -18 28 -21 0
43 52 -48 0
-3 23 -1 0
-18 -52 12 0
5 13 -33 -50 0
40 -23 -40 35 -10 0
-36 -26 0
-32 43 -33 -51 0
-31 -48 -11 19 14 -18 0
16 -29 25 36 -45 -9 0
29 49 -8 -9 0
-45 -33 -22 0
-39 -27 20 0
42 37 0
-46 7 -11 -36 0
17 20 0
19 -16 -43 0
51 10 -22 0
-51 -33 -37 -50 0
47 -6 22 -25 24 0
10 -21 -44 0
16 -23 15 0
-49 -7 0
-3 53 9 45 0
-22 -29 -12 -20 13 0
-29 36 -44 0
47 9 3 33 0
-44 -7 15 0
-33 -52 -41 12 24 17 0
-7 16 21 -35 0
-30 -7 52 -42 0
-14 -8 -2 -28 40 0
32 5 30 -15 0
-31 24 -11 0
-11 -49 -39 -46 45 0
25 -48 30 -12 6 53 0
36 21 0
37 -5 45 -12 0
-39 -19 0
12 4 11 0
-1 52 0
40 -34 14 50 -12 0
50 -30 13 40 24 -53 0
53 -16 -25 -50 49 0
26 -1 0
-15 -35 0
5 -32 51 0
-19 19 51 0
11 -2 0
-32 39 16 0
-36 33 9 -36 13 0
51 -13 24 13 0
-52 26 -8 0
-19 36 0
-7 -8 0
-3 17 -48 -46 0
48 51 -5 -40 0
25 -8 44 -48 -15 0
-4 -23 0
34 10 18 43 0
-52 -13 -7 -36 6 0
32 -34 28 -20 20 -1 0
17 -27 53 13 -32 49 0
-17 41 -22 0
-17 -46 17 -35 0
32 -47 -39 -17 -47 0
16 46 -26 -14 34 0
-50 -34 -45 -46 0
-14 -45 -23 49 -18 0
-22 6 -15 -44 0
52 52 15 -32 0
-33 -39 -28 -10 -31 33 0
-14 -38 22 0
8 42 0
-23 39 36 48 0
31 -16 3 0
33 -25 10 25 0
-26 -30 -44 6 16 0
-41 -20 12 -30 42 17 0
7 50 -29 44 15 0
36 -13 33 0
30 -43 14 6 -35 0
-34 20 -22 40 0
3 -20 -34 7 0