c
c start with comments
c
p cnf 167 398
81 124 0
-32 -139 -8 138 -110 -157 0
120 116 -68 0
134 -71 164 -51 0
-82 141 68 42 0
61 114 26 0
43 25 0
163 -80 107 12 0
-91 150 -9 -92 0
-129 159 -130 -31 -55 0
-34 -86 -108 0
-34 -60 105 -62 -12 36 0
76 8 9 135 79 0
71 -134 -22 107 0
21 6 -146 2 92 131 0
-30 -8 -134 21 55 0
-99 -31 0
106 -136 -77 137 0
-116 41 -67 0
-81 -2 -6 96 0
161 66 23 84 0
-40 -77 5 -111 131 0
42 80 48 61 0
-4 -160 -10 -96 125 0
107 147 40 134 -47 -81 0
133 108 100 7 75 0
-69 -115 -29 -144 0
-95 -111 74 -160 80 159 0
88 56 2 0
157 29 -69 0
-124 -87 -87 153 -9 0
-44 63 0
-44 -25 90 126 113 0
29 -38 47 -97 -85 0
-104 -53 159 -73 0
-92 139 129 -26 103 0
-78 -93 -125 0
-130 -45 -87 -115 -117 0
-43 -146 -76 125 116 -49 0
93 -67 -138 51 -63 0
28 -33 71 -164 -100 0
88 75 -122 0
13 47 97 -134 25 36 0
108 -39 112 0
130 146 40 0
-115 -17 150 -11 -163 0
-113 96 152 -142 119 0
12 106 139 36 0
-40 65 129 -110 -66 0
76 -136 -74 -113 -18 158 0
126 -156 67 47 0
-29 80 -3 0
-73 -24 138 -117 -118 0
-17 -136 -162 98 -129 0
-58 16 -113 109 30 0
-166 -52 -71 163 -75 38 0
30 -133 0
-129 -151 7 -154 0
125 83 0
-84 67 -20 91 0
-146 -159 -95 -5 109 0
106 -11 -104 -150 -9 67 0
75 57 89 0
154 -107 -83 0
-160 -96 91 59 104 0
158 63 136 -14 99 16 0
11 12 -53 152 0
-27 -28 29 0
26 73 -27 29 104 0
108 156 -119 0
-87 70 167 126 0
-18 -30 129 89 0
-54 18 147 -99 158 0
-148 -68 -107 70 0
126 99 86 125 20 0
-102 38 -2 -136 -163 54 0
100 -67 31 -133 0
-124 -49 -141 0
55 155 -40 11 121 0
-134 38 -126 0
15 61 0
21 100 36 113 0
72 -11 49 0
161 -108 -14 0
-62 -53 -88 141 0
-58 -25 -49 -66 -17 50 0
44 16 -2 -115 128 0
16 -85 -92 0
-145 -58 70 126 -65 0
-71 -61 108 127 -25 0
-60 35 -34 0
-45 7 -22 0
141 -94 145 0
96 88 -117 0
-72 -64 -146 0
97 -41 91 62 0
-23 5 85 -163 63 0
-135 -12 -43 -37 0
130 86 -69 -18 0
-130 -102 -77 -148 0
15 65 -14 0
56 43 12 116 3 20 0
97 18 43 145 -79 0
-103 54 -106 138 0
-4 -163 0
-86 -73 0
-116 -87 149 0
84 63 14 -156 -166 0
59 8 -63 0
154 79 -163 -154 0
144 -104 113 0
50 101 -11 140 0
85 -83 -98 0
50 -5 -34 0
64 27 91 -51 74 0
-100 -118 55 95 0
10 14 0
129 -58 25 -140 -163 0
64 144 33 -166 45 95 0
76 -28 -43 0
55 130 167 0
81 133 -91 134 158 0
-104 -23 -12 96 -115 114 0
-43 -73 27 -83 -139 -98 0
55 -126 -143 99 79 0
142 -69 74 148 0
-152 134 -166 0
32 19 3 -145 0
161 57 91 95 0
106 -69 90 72 110 0
-130 133 -135 -54 0
-44 121 -138 0
137 -103 0
71 66 89 -72 147 0
-5 56 23 91 -164 0
68 -72 73 0
119 116 -95 15 159 0
-152 92 44 80 0
69 150 -162 0
132 -6 129 0
120 -17 0
47 67 6 0
-60 30 -25 0
71 35 -146 -36 0
-27 53 0
-58 9 -130 0
87 -103 5 -108 0
36 -76 132 -114 0
164 6 149 0
49 -135 104 -120 32 0
132 48 2 0
120 -55 0
-5 30 40 0
70 -126 105 63 111 0
154 56 0
103 -130 -72 161 -47 44 0
-81 -27 -90 0
35 148 107 0
113 141 21 0
164 -109 56 -109 0
15 102 38 65 -81 3 0
-15 -120 -149 -117 -49 0
52 165 126 0
-135 -5 -162 118 0
80 -157 -126 0
-137 -104 -84 0
134 -161 -133 0
29 -71 -5 -29 -136 0
-121 97 -112 0
161 -126 90 109 -38 0
-4 -27 0
-118 -104 -92 -132 0
-67 116 -149 -154 0
-79 -66 14 0
142 33 6 149 0
21 -36 -16 -70 0
51 -152 -76 -104 0
-119 12 102 155 0
64 99 -113 145 -19 37 0
151 162 0
-78 -63 155 0
-74 -128 0
82 18 82 0
161 153 143 0
15 56 20 138 -129 0
-80 -158 -20 -87 0
18 -94 93 151 0
-99 20 -103 5 -47 34 0
130 4 -102 19 -7 0
138 -148 -141 -22 -43 22 0
153 76 70 0
-159 155 9 -85 0
-11 -1 -131 71 0
11 154 35 0
32 -104 25 114 -28 0
-112 -76 0
142 156 -73 0
-112 67 -154 -107 57 -59 0
25 -7 -116 -152 -51 0
109 -60 -162 0
-48 67 -35 0
93 -18 139 0
82 28 -24 -106 -154 0
-2 138 -127 35 139 0
-73 154 95 52 -162 0
-39 161 62 73 0
5 112 0
-113 -111 -153 -9 8 0
-113 -126 -138 -71 131 0
9 33 -85 0
93 -158 -148 56 0
-4 92 -22 0
64 -10 88 0
-36 76 -70 -77 0
-77 52 59 0
6 -100 105 -54 -77 0
-93 46 166 -136 -93 0
152 35 -52 -76 0
-14 -118 23 -133 -73 0
-93 -16 0
44 -39 77 -101 0
-43 17 -92 140 117 -62 0
-21 -43 -118 0
83 142 0
40 -82 0
-96 112 141 47 -57 162 0
8 80 -69 0
-53 38 -15 52 -37 137 0
-107 -89 75 -26 53 0
133 141 75 -119 88 120 0
161 -71 -134 40 0
-92 154 -120 0
83 39 0
-44 159 -114 -49 0
134 83 -49 -30 2 0
54 -128 112 -115 -66 0
13 59 -163 156 0
75 20 -87 0
-126 -97 -80 0
77 -56 135 0
42 150 -128 -33 -110 0
-4 -123 -154 -156 -32 -68 0
-14 -10 99 0
108 104 104 -150 0
75 -155 36 114 0
-154 -1 -12 -115 -115 0
123 121 81 0
14 -145 -91 41 0
56 43 -59 -46 62 0
-9 -108 -80 121 0
98 38 148 0
33 -156 122 141 154 0
-101 -130 0
-142 -20 143 -52 59 0
-82 -92 107 0
-4 -22 -47 -158 107 121 0
59 26 74 26 -164 0
-118 -151 -80 -37 0
24 -122 -69 103 0
-10 -164 -39 91 0
42 21 32 -102 82 0
72 128 -116 -161 26 0
30 -60 0
-55 1 -35 103 0
54 157 164 0
-22 -86 31 161 -111 0
17 97 -135 -63 0
47 148 -41 -72 119 0
115 -33 22 0
7 84 -56 0
-154 160 89 -99 -127 86 0
124 154 -1 -60 0
-55 -53 160 0
-90 -56 -120 -135 0
75 114 -99 0
58 150 13 0
-23 155 80 50 27 0
125 155 -65 0
36 -69 -22 120 -87 0
-124 2 -4 81 -93 0
141 -104 -10 121 154 0
-92 79 -16 63 124 26 0
-63 -77 -122 47 21 -162 0
-98 109 0
66 59 25 105 153 59 0
-99 -118 110 166 0
78 -57 0
-45 86 155 0
68 -124 0
-98 143 14 -54 0
-8 -14 57 0
-1 -143 -75 0
-44 29 -121 -131 0
-123 -133 147 -12 0
106 -4 0
-121 50 93 2 123 0
-57 82 122 0
106 73 107 0
-55 -59 24 0
130 77 -32 13 -113 0
-88 -2 -23 0
29 129 -117 -138 0
126 -48 -53 0
63 -48 0
146 74 0
12 -83 -25 68 0
-51 -69 55 158 0
-39 -63 14 145 0
-21 141 28 57 0
89 -14 -63 27 0
130 136 -143 56 0
110 -27 125 0
148 75 -43 -140 -160 0
-21 -46 -77 0
-93 35 106 -107 5 0
-10 -98 0
129 -99 -163 -124 0
153 -92 17 63 101 0
84 -139 -56 -164 36 0
58 -156 -88 0
136 -9 81 0
82 42 106 0
47 14 -29 -68 0
-14 -116 143 0
-37 -57 -20 -110 0
-70 166 -50 -147 49 -18 0
92 63 0
-94 -95 0
70 -98 82 -17 0
74 -62 6 0
97 140 -25 6 0
10 7 17 0
96 136 121 120 -143 -91 0
-8 -109 88 8 111 34 0
-67 -24 0
-6 -64 -64 146 0
-45 126 41 13 0
34 63 -69 0
-45 146 0
71 -146 154 133 0
165 -113 15 0
-66 -74 55 2 -77 0
163 -23 4 127 0
-27 -128 -48 57 -145 0
-59 -112 77 0
-59 -26 117 0
107 -50 -165 0
11 -93 -149 0
-60 135 -112 0
-67 -38 109 0
37 -32 97 152 0
51 -46 48 0
61 120 -99 -160 0
74 64 112 0
-85 131 119 -19 136 166 0
55 143 -105 0
-164 -32 -94 0
-61 71 0
-96 80 26 157 53 0
50 161 103 0
-69 104 -78 0
-57 -66 70 2 157 0
-153 3 -112 148 -147 0
116 161 151 0
158 26 -152 0
121 -111 97 -90 158 -166 0
-102 33 54 -23 -134 0
158 165 -75 -56 154 0
-84 32 -107 37 0
-101 -63 -107 -147 -156 -9 0
-6 154 -15 144 0
54 51 128 84 133 61 0
-92 69 -49 -137 14 0
-9 122 37 0
-142 -133 -148 0
36 -41 -18 -139 109 0
140 -95 -48 102 -89 -115 0
35 -44 107 0
-144 -83 13 123 32 -94 0
130 -61 -38 -87 0
138 -96 -31 -6 -45 14 0
86 -128 -98 137 -167 -98 0
-70 -63 150 29 0
8 -41 -147 46 -75 115 0
-14 137 128 0
-131 -98 3 107 0
69 45 -141 0
-127 -63 -57 0
153 134 122 0
60 -83 -42 122 155 0
137 78 -79 0
-82 -138 -22 -73 -19 -45 0
52 -101 0
149 102 -48 -80 0
-38 132 159 -109 0
-10 -47 0
-16 -6 -45 -56 0
-30 27 -80 -123 -114 -149 0