c
c start with comments
c
p cnf 228 627
-204 -108 148 -6 0
194 -145 0
-227 99 68 0
42 176 37 -175 0
98 25 54 -207 113 118 0
92 157 0
-80 -104 0
-109 -187 69 201 12 0
180 -158 -9 -174 -145 0
201 -82 85 -16 0
133 135 -166 -88 0
-66 73 -207 -198 214 -191 0
-68 56 46 0
-53 176 -202 -87 0
-191 202 104 184 -82 0
74 224 -165 105 0
130 49 170 136 0
112 155 130 -169 -15 0
-45 64 -209 0
-64 -99 111 -143 0
-9 -6 -185 14 139 -12 0
-32 131 120 -106 -43 -22 0
-174 70 -27 0
-52 130 47 -200 49 0
-122 206 30 0
-6 109 147 0
-2 -221 48 35 -211 95 0
-198 -149 57 123 -113 -3 0
203 220 92 -183 0
81 -206 -15 0
22 -67 -14 -40 -126 -11 0
60 217 -195 0
-158 201 -52 0
-192 182 52 0
135 117 200 0
-128 -97 110 -122 0
89 -156 226 -141 0
-205 46 170 151 182 66 0
222 -41 -202 0
65 -46 0
141 -56 -221 98 0
-27 38 148 -175 0
-88 46 -46 -181 -192 0
115 -88 29 154 0
222 3 180 -90 0
-90 55 93 -193 -79 0
-182 200 0
4 11 -194 -218 74 188 0
27 209 128 17 66 -200 0
-187 -171 180 172 -161 0
-136 79 89 208 188 0
-79 182 -53 40 0
170 -204 226 0
-88 80 0
55 -65 115 97 -46 -16 0
-175 65 -98 15 0
-74 -8 192 0
78 189 0
115 104 -33 170 0
45 -35 -205 -5 0
207 49 -202 175 188 0
126 -167 -89 194 -176 0
-46 156 -176 -66 0
20 -28 -112 0
-90 -19 -107 17 0
47 211 73 -46 -208 0
17 -80 0
134 -43 157 91 44 0
174 22 145 0
-170 99 -70 -48 0
226 -185 -177 0
-105 -61 0
125 98 -2 0
120 59 111 0
7 -204 23 39 0
135 -56 18 0
-58 221 -180 0
-122 -156 0
32 153 41 153 176 47 0
-8 -194 -187 0
165 54 -79 -154 40 149 0
27 -188 -131 -114 0
51 -142 218 -137 0
128 -145 -179 0
114 -172 154 19 -40 202 0
-134 85 0
-149 -221 57 226 -159 0
-227 135 0
-217 13 0
98 -73 0
53 99 -84 6 109 0
40 184 97 -80 0
-228 209 132 -151 0
164 203 129 213 133 218 0
-71 145 191 198 0
29 123 134 -161 -124 0
109 -184 0
-113 -124 207 207 -146 0
-53 203 100 -54 -107 0
18 143 21 -131 0
-18 -214 -198 88 0
-174 -6 -14 -222 -228 0
-177 -160 0
-157 81 -203 0
145 123 -201 -145 -198 174 0
-203 -222 85 0
126 26 -144 0
40 122 0
50 -101 207 0
182 63 -58 43 -4 0
43 -109 -130 84 0
87 -20 -120 0
215 182 0
17 -122 228 0
-198 -15 -65 -65 -158 0
223 -76 101 -18 0
207 227 -21 0
38 -166 -227 3 0
156 53 -200 -143 -30 161 0
39 70 2 153 110 0
191 -216 -12 118 0
118 122 129 158 140 136 0
-181 54 92 0
-93 -125 -7 0
-181 -223 -205 0
-65 -17 96 73 -10 0
79 68 0
143 62 -33 -90 -71 82 0
41 -222 -193 -184 0
15 -23 -21 -101 0
-170 104 168 -55 0
15 -208 -29 104 0
126 161 98 0
195 -105 -209 0
-225 81 49 0
122 -149 -32 -208 151 -72 0
-226 113 159 -14 68 0
-62 43 210 0
-156 152 0
83 -211 228 0
13 2 -163 27 124 0
-157 -80 -57 166 189 0
4 -163 215 0
15 88 -174 0
-219 -226 -66 -228 0
-4 -16 -145 0
172 -147 -46 199 0
-44 -38 -190 0
-186 108 227 145 -218 0
74 81 80 183 -43 0
154 -120 -217 0
47 117 -187 0
212 161 223 -76 210 0
-65 -206 90 -189 0
122 218 0
-14 28 -149 98 -211 0
120 51 -6 0
227 94 0
-142 -198 -209 0
23 -178 160 -214 0
-33 -174 -62 102 0
120 -185 -27 217 0
103 91 -170 0
-24 32 221 -151 157 45 0
-24 -77 -158 -138 0
-137 -145 -130 -154 -117 0
-43 22 71 0
128 204 107 0
197 173 -45 127 -88 0
29 105 196 -116 179 0
125 -167 -155 0
5 -91 85 225 0
83 -125 118 0
134 -227 72 0
153 183 225 123 202 0
134 187 46 -161 0
45 -186 -137 0
-181 -197 -33 4 0
-217 74 -18 95 0
190 -125 0
-184 -140 -74 31 -118 0
-2 -35 149 157 -35 0
130 132 -140 0
-201 70 136 0
63 33 -35 0
-169 152 11 192 0
124 -70 -177 -84 96 0
-186 -180 0
135 -93 80 -186 218 0
-185 -214 99 216 -128 0
168 -83 -214 188 0
188 61 -115 -119 -205 22 0
-81 27 -187 -225 7 0
2 171 0
-223 13 120 -206 0
33 94 201 -198 -4 0
70 70 95 -127 0
215 -186 140 -5 163 0
212 33 0
83 39 -66 116 184 175 0
-116 -153 -194 0
207 134 159 -183 142 0
-26 -45 225 7 -67 142 0
137 181 -161 0
65 197 -96 0
-170 198 -176 0
60 172 35 133 0
179 -155 -44 0
179 -138 0
220 220 198 -192 -132 0
-196 -79 74 -86 190 0
-74 104 216 202 -207 0
-86 185 174 104 0
-31 -122 43 181 0
-92 -133 -2 0
11 187 -132 -61 0
27 -70 179 0
216 208 -144 211 0
36 -172 0
149 -182 -201 68 -51 26 0
-112 -58 -147 0
197 54 -173 31 -64 0
160 -130 -67 -40 -58 54 0
44 174 200 0
196 153 147 -172 0
96 190 -159 -185 0
-186 98 -177 0
-69 185 225 -36 0
-215 -6 34 220 -44 -93 0
-94 -174 -109 -71 205 -162 0
145 -54 -129 0
-47 190 -41 122 0
21 7 -130 219 -66 0
159 -222 -81 -39 0
133 129 90 0
192 63 45 -114 0
-175 18 -74 209 0
128 -56 101 0
146 3 -125 -193 120 48 0
-124 2 -152 45 213 0
-15 225 180 29 0
-194 -83 -46 0
163 -157 -84 145 -45 0
-197 70 0
-170 37 -140 160 0
136 190 38 0
106 -121 199 -107 0
71 39 -174 0
188 51 -220 181 216 0
88 -221 -114 -137 -209 0
-184 -23 179 220 0
-173 120 12 -214 0
-167 39 -166 172 63 0
225 86 -218 0
-186 -181 159 -23 0
-35 -8 120 24 0
-210 -133 -212 173 174 72 0
111 -69 6 0
175 218 224 -147 -119 0
64 153 -68 -17 0
180 -12 0
-8 184 -126 0
188 -136 21 131 -133 0
222 -159 41 101 0
161 33 -202 0
168 7 0
88 223 -9 -6 0
-63 -92 103 0
-52 2 -125 0
-189 5 119 203 -38 -143 0
-74 79 -34 228 0
209 -208 138 11 0
9 19 194 92 161 0
-29 10 -48 0
-190 -48 -25 -216 -164 0
146 -62 -70 0
44 -182 -170 204 -168 -117 0
-191 163 34 62 8 -218 0
216 47 -143 116 -15 -59 0
-99 156 45 -103 0
39 -36 -187 -63 0
-19 -51 -74 174 -30 219 0
180 -131 76 -182 0
-14 -101 193 38 103 0
-32 -155 -185 0
132 -140 169 -223 -203 0
-28 -26 16 -10 0
-72 -142 214 -126 -92 0
82 14 105 -175 0
56 139 38 0
170 16 -72 195 -199 0
4 117 0
-150 -88 -157 0
-24 -179 -87 221 -33 -16 0
149 -210 -154 180 0
-210 -37 171 -190 0
-103 -42 44 121 0
-7 -30 124 154 -3 -6 0
70 33 7 226 146 0
83 -143 0
-158 -49 216 -149 -3 218 0
-200 46 67 0
-228 -134 41 226 5 0
90 60 117 -175 -182 169 0
-12 194 -136 33 -56 208 0
135 -89 62 12 0
54 129 192 -64 0
-212 -125 -211 0
75 -67 78 121 -24 0
-30 24 2 120 93 0
-197 -110 33 -119 -225 0
106 96 45 -128 0
-49 163 -164 -88 0
123 -134 -200 0
-205 -36 193 0
95 -91 -223 -64 0
-113 -127 -183 -147 128 0
-64 -143 41 0
32 -209 205 -215 -82 185 0
165 -197 -214 82 0
-12 220 0
-99 56 -113 17 -183 0
-46 -33 -157 -15 9 0
93 144 -130 0
-133 -118 190 -58 -75 -13 0
-49 75 146 0
138 112 143 152 0
66 -96 124 0
155 117 -59 0
206 134 53 -101 0
55 43 0
200 204 -48 -164 0
172 73 148 83 0
-61 -17 63 187 0
71 16 178 168 142 0
-72 -196 204 -182 0
191 152 185 -67 0
50 -113 217 -158 0
71 -7 -82 0
93 160 -10 226 100 92 0
-176 -132 -34 52 0
215 47 -51 111 0
92 166 164 0
-123 86 -86 0
117 201 -81 0
-177 -193 0
33 -167 66 0
-226 -58 -25 78 0
-206 150 78 161 0
-43 -116 29 -20 174 0
102 93 -157 159 -176 0
-155 -192 -138 -228 117 0
-37 137 86 221 105 -36 0
-70 214 92 0
-187 -102 -80 0
-91 108 -47 -24 0
194 38 0
186 -219 20 117 185 -224 0
206 180 0
87 206 0
-25 -201 -224 0
-91 -22 115 -90 0
8 -86 0
-36 212 -134 86 -200 132 0
-206 139 159 0
42 74 -168 0
-217 161 0
-13 221 -211 0
-18 117 213 0
-161 222 72 -137 0
-171 50 -176 0
92 -78 -29 35 0
228 225 0
-198 -36 62 -152 0
-113 -100 30 0
-169 87 -130 -8 -11 0
-195 -139 -138 0
193 -198 -184 137 16 0
49 -180 6 107 44 0
-120 -137 -225 -132 0
160 -91 -150 -108 0
225 158 102 76 0
-110 72 -65 0
128 121 47 -22 0
-111 -21 77 77 0
-108 100 215 -88 210 0
-93 -36 -167 0
119 69 201 -21 0
14 20 -79 115 -57 0
45 -191 0
57 168 180 -22 0
196 -145 -93 -160 72 0
87 -108 77 0
127 -159 113 -64 0
28 11 147 -211 -165 0
-22 2 225 -182 -223 0
-72 51 175 210 -191 -120 0
62 -46 226 0
-23 198 -65 0
-10 -39 197 135 -98 0
-77 -58 -80 -141 94 -207 0
128 -164 -130 0
-150 64 84 0
-73 -191 226 -15 0
219 143 0
71 79 0
-125 123 110 -198 165 0
-118 -39 -36 0
-200 -195 136 184 0
42 -66 -82 134 -133 0
-123 -15 -12 227 0
5 -84 19 -110 -206 0
145 90 -194 0
-204 -25 58 0
-4 141 0
187 211 -113 -142 205 -176 0
192 -19 0
-25 24 -44 65 -58 0
220 3 67 88 -105 0
165 -86 -200 -148 0
192 195 0
-35 19 0
119 206 188 135 158 0
-165 153 -129 -11 -143 0
-24 98 -218 195 208 0
113 126 36 -108 -109 0
95 85 60 0
147 49 0
-24 -75 110 144 0
176 -165 57 -180 -67 0
12 -86 200 -109 96 0
138 72 186 -172 0
224 133 219 -81 104 -93 0
165 189 96 0
-62 -209 -211 3 0
186 200 0
27 70 0
51 208 -85 0
50 -178 83 -54 0
-59 83 139 -156 0
-147 -56 33 150 153 -138 0
-91 -83 0
74 -96 158 75 105 0
-147 206 209 223 0
103 -221 135 -8 0
159 -22 -169 0
137 -88 201 0
-44 -37 216 144 0
193 112 26 63 208 159 0
-108 -83 10 -185 -177 188 0
172 -30 -75 50 0
-74 -46 -169 -94 0
-201 -88 0
78 97 211 214 0
-84 74 -192 39 0
-9 -131 -5 0
84 -171 33 -69 0
16 68 55 162 -133 139 0
171 157 0
98 -161 11 211 -63 -55 0
-91 6 -87 106 0
46 -126 168 164 -160 0
6 -156 135 40 -154 -34 0
-13 149 119 0
-10 -46 -82 0
94 171 107 133 0
-52 -43 204 53 -136 0
-3 134 -144 0
167 -130 -5 22 95 0
-115 101 -63 218 0
-32 -228 181 170 -4 0
-142 -123 59 150 106 99 0
-23 132 161 -207 110 0
-116 -29 79 0
-222 -196 66 -195 -23 -70 0
71 144 -87 -34 63 0
-66 135 -109 0
-178 62 -215 -180 160 0
192 -97 197 124 0
118 -64 85 -104 0
-58 -208 211 -200 99 0
-101 -96 -200 172 170 0
31 168 0
85 -226 95 0
77 -30 110 -150 0
-19 173 40 0
-110 -86 -219 -98 -172 0
146 185 -106 0
82 34 -53 0
46 74 0
-12 169 75 -164 140 0
162 -181 226 0
-100 168 -75 91 111 0
94 29 27 160 -219 0
-120 -156 0
-58 121 66 207 -90 0
19 -152 0
-70 121 90 -187 0
-112 103 -120 0
178 -36 0
-143 -8 -180 -166 0
139 -18 -33 -102 137 211 0
73 198 0
61 203 -1 -180 21 0
-142 -97 26 0
-54 170 190 -27 84 0
107 128 -147 76 0
-75 19 81 -88 -88 0
-164 -125 0
-23 93 106 0
-113 -169 -96 -8 0
-215 -79 115 183 -105 0
-187 -20 158 -214 0
139 164 112 0
179 -118 -128 203 0
-201 19 -68 116 53 0
-34 159 -151 0
-221 -60 103 -221 -16 0
64 -138 -1 151 0
-167 -91 -75 -140 0
-149 217 0
-101 -30 0
-48 -97 208 195 93 216 0
-142 -105 -100 154 0
-166 119 0
34 -216 181 -13 211 -173 0
35 76 -7 10 -184 61 0
112 -178 0
50 -113 -27 0
-26 -141 0
60 45 48 0
-209 223 0
-78 94 45 -188 217 -119 0
182 -115 121 3 102 0
-219 -86 47 185 0
-73 -123 93 45 -132 -62 0
100 -102 -175 0
157 114 178 -117 0
-36 152 0
-210 160 196 0
-168 71 -29 109 157 0
106 23 78 53 -86 0
-201 174 -175 0
-125 -92 -222 -224 0
203 78 -212 206 52 0
-9 -71 110 -157 170 -142 0
-210 90 0
-25 137 -205 0
213 -204 -193 142 200 0
58 -40 204 -121 192 -204 0
178 -187 -167 -208 0
-12 -14 85 190 0
82 102 0
-141 208 -211 -66 101 0
-160 -155 29 -49 -23 0
-57 28 -209 -174 5 0
-112 -127 -164 40 -216 66 0
-38 -60 0
-217 -219 157 0
-113 160 -71 0
202 114 193 37 0
99 -70 -51 73 -129 0
-140 -182 -225 -25 0
139 -209 -104 -30 -34 -138 0
-163 18 0
-42 8 -5 108 11 0
37 203 63 212 0
-132 18 16 0
-193 -188 192 176 0
-26 -99 -127 109 66 0
-64 -10 120 147 44 53 0
145 45 79 0
149 -79 116 0
65 -190 118 0
-90 55 -11 14 0
102 -52 4 66 216 0
99 215 -223 0
188 -144 121 16 0
-20 -194 159 0
213 68 99 29 -95 0
-79 196 193 29 85 207 0
-13 -200 -208 0
-160 -54 141 29 0
143 138 79 -180 179 -94 0
45 125 0
-51 200 15 0
93 -114 -26 0
19 -19 0
24 -44 118 -138 -222 96 0
23 -119 -199 -224 9 0
-158 105 73 0
125 114 36 -135 0
-223 -180 12 0
-227 171 -188 -123 196 0
37 217 189 -106 0
-34 65 177 149 0
-193 12 73 -114 0
-157 -104 -107 0
159 54 -101 -135 0
-3 209 -38 -170 0
-77 170 -86 73 156 -185 0
148 63 -172 -52 -208 0
112 38 -21 -139 0
183 -152 -71 182 63 0
-225 73 -164 97 47 0
-168 215 227 -224 0
141 -63 -118 -204 0
82 -192 116 -6 -178 0
-26 14 226 0
195 -32 -42 94 0
199 55 44 0
-199 25 95 0
84 26 178 0
202 -171 156 -190 -124 -205 0
-95 -129 -17 0
-198 -55 -116 203 -70 0
-63 146 -158 0
-223 -205 64 -176 0
-18 47 -25 -92 178 0
-83 -153 -32 184 0
-139 -140 -190 0
93 12 -148 -89 0
-66 -28 -136 0
61 -3 0
103 -176 -119 0
-187 96 220 -150 -216 41 0
92 126 -31 35 -61 0