c
c start with comments
c
p cnf 142 205
137 -22 -31 -24 0
-140 -82 118 0
-80 99 -50 37 98 64 0
100 -4 142 120 0
-110 -109 58 0
-96 -21 48 -17 0
111 34 136 0
-54 -81 53 50 0
-32 70 0
115 -45 -132 139 -15 0
-120 121 136 -26 44 65 0
44 -138 39 -50 0
-78 -105 49 86 0
28 76 -61 0
90 55 36 114 -21 0
77 96 -86 0
85 140 -54 116 -103 0
15 -30 -138 0
-35 -90 97 83 0
123 66 112 0
14 35 -91 -138 0
119 -107 0
82 105 129 0
-91 113 -121 -97 0
-28 56 94 0
-42 -42 -126 132 -121 0
61 -112 0
-89 127 -104 -63 -68 -121 0
-59 52 18 0
-73 76 11 -143 63 0
-79 14 -91 -98 0
96 14 13 0
82 48 16 0
-113 -87 0
33 -119 127 -111 -133 0
92 84 40 124 0
-36 116 -111 -106 91 50 0
115 27 5 0
105 27 -42 116 0
-139 -81 51 96 0
134 6 126 34 54 0
-108 -40 -65 82 136 0
-109 39 129 82 135 0
-99 2 -134 -62 -93 0
-1 -134 -87 99 97 0
-77 44 20 0
42 100 0
39 -73 127 -110 -3 -101 0
19 111 -121 26 0
119 93 0
-131 -32 5 56 25 0
112 -39 -24 24 21 0
23 85 113 123 108 0
-107 -14 -132 0
43 -39 -8 -95 -30 23 0
64 -75 -26 85 0
-22 51 34 131 0
69 48 4 139 -49 0
-109 -41 -58 -139 -28 -48 0
87 83 0
-92 -34 50 -100 97 0
-9 6 -32 0
134 45 0
-140 5 143 49 0
78 -11 0
71 13 -17 -88 0
98 90 0
29 5 -110 -53 -112 115 0
-82 61 0
54 15 25 -2 -135 0
-20 -21 13 35 116 0
-93 35 126 -128 0
33 -55 134 -92 78 0
-96 127 -117 89 -46 0
-87 -89 93 0
133 136 0
41 109 39 -102 0
-28 22 -103 -22 -110 0
-128 -108 -110 0
-68 -18 -31 -41 -60 0
63 135 25 44 -71 0
53 137 99 35 0
25 -138 88 -6 0
-25 -104 23 -124 -79 0
-103 -69 -54 -15 24 0
-70 -27 0
-120 49 0
-126 -26 67 -29 -49 0
-114 138 -82 135 0
58 27 -80 85 -131 0
53 48 3 0
-55 -137 81 -113 0
121 18 61 7 0
138 -134 -33 0
34 134 -39 110 4 46 0
-136 123 -116 62 -49 0
120 -32 45 0
42 50 0
-140 71 87 77 86 138 0
59 24 120 0
74 125 -135 4 98 0
24 89 30 102 -56 0
109 42 -141 0
-42 -41 -94 0
24 56 -137 0
36 55 0
-6 49 -110 57 0
81 -13 0
36 6 108 24 0
-104 111 112 138 -84 0
-112 -82 71 0
137 75 112 81 116 14 0
-132 133 85 0
-122 -77 127 -99 -69 30 0
-29 33 -89 13 0
-28 98 -137 -44 139 0
37 96 118 0
88 110 -10 -138 0
-10 134 131 127 -7 67 0
-99 47 -98 0
-79 124 0
51 -34 -52 -49 27 0
106 126 141 107 -20 22 0
133 57 0
106 -141 -39 -96 -88 0
-132 -117 0
96 -111 34 0
-125 -50 84 0
-61 66 -35 0
-93 119 0
-106 115 3 -3 2 0
102 -74 0
68 27 -90 -96 0
67 -29 -99 0
-139 -136 0
-122 119 -17 0
130 61 101 -135 -124 0
-27 99 -68 121 89 0
81 53 -69 0
5 -61 77 0
36 11 -23 23 -130 67 0
-88 101 -6 0
-133 -5 -15 42 6 109 0
15 96 -99 0
-121 20 10 -60 -95 0
-88 -62 0
129 -29 10 19 0
49 -82 -117 -93 -14 0
-45 98 -55 0
-59 72 -82 -17 0
81 -124 -90 58 116 -23 0
121 -131 -94 99 -82 0
-107 -86 23 129 0
-94 19 0
-49 -25 -102 61 107 0
-84 83 -1 0
-66 62 0
-73 31 138 142 80 0
87 -66 21 -93 -53 33 0
128 52 0
26 130 -97 0
19 -80 57 0
-6 -120 -121 63 98 0
117 -32 128 0
80 125 -140 -36 -89 130 0
45 126 -66 -71 134 0
70 113 8 105 -113 -17 0
53 142 -114 -35 106 0
-134 -16 -125 0
-65 -6 48 0
-120 108 0
24 -65 -126 38 44 0
137 119 -137 -6 54 0
-17 -84 0
-62 -41 63 -16 -67 0
80 58 -115 74 -97 0
-98 -141 0
33 37 -81 63 -32 0
-143 -83 -79 -30 107 0
21 -32 0
-27 -39 0
79 34 77 -8 0
-52 91 -114 -96 -8 0
-15 -46 -138 71 131 0
119 -109 15 0
-99 -122 -118 79 0
-29 -76 48 110 0
-15 -68 -128 -116 131 0
39 -89 -33 38 0
-88 89 -61 -52 -87 100 0
-89 -11 13 0
86 -120 101 -28 -18 0
78 -109 -99 0
-5 -101 76 77 0
-116 -109 -86 -45 -57 0
95 -106 107 0
-136 88 -37 0
10 -101 23 -88 0
-13 -39 45 113 -137 121 0
-127 -45 -113 59 102 0
62 -20 137 -131 4 -64 0
-54 -112 23 141 104 0
18 46 111 -50 0
-11 -61 97 68 0
-32 -94 -118 -57 0