c
c start with comments
c
p cnf 55 138
12 -2 -16 52 47 0
-17 51 -45 0
30 -31 -10 51 37 -33 0
-17 6 -36 -1 3 35 0
54 11 19 30 -20 10 0
48 -46 -50 19 0
-39 -29 -38 0
-53 32 26 25 0
53 -20 -53 -54 0
32 30 30 -52 47 28 0
-10 -43 16 49 10 17 0
52 10 21 28 -19 41 0
-39 -23 18 46 0
54 37 -46 20 8 0
43 -24 53 41 0
-50 -24 7 7 -6 0
13 -20 24 0
-43 -19 15 0
-55 32 -49 -13 -38 0
-19 -32 -3 -29 0
22 47 14 2 24 19 0
3 -48 -28 -15 0
-53 -10 -32 -42 0
-42 -23 -15 -39 18 0
11 42 -46 -23 -19 21 0
8 5 8 -44 -20 0
23 43 34 0
-4 36 6 22 -18 0
43 -19 -41 0
-50 51 -43 -52 0
17 9 0
35 4 -39 0
50 39 30 49 -5 0
-4 30 -32 41 0
25 -19 20 -32 0
-45 -15 -26 48 0
47 36 -33 6 -32 0
-44 53 0
-9 -20 11 0
-41 37 -36 0
12 38 0
-19 35 -39 32 -28 0
20 54 -37 40 0
-44 29 10 37 12 49 0
30 3 33 -14 4 -24 0
44 51 43 0
-28 -30 -30 54 54 0
-40 -41 0
27 -20 28 52 0
-29 -18 -31 0
37 47 49 0
-27 -3 -20 9 0
9 -31 -35 37 0
-1 -27 24 0
-17 -5 -37 0
-49 -16 -54 -10 41 0
-51 28 25 5 -6 0
36 6 34 -19 -6 0
-5 -41 13 -30 -48 0
-31 8 33 30 0
-7 12 30 0
41 -50 3 -30 0
-43 -50 8 15 0
-50 -15 0
32 44 -27 -41 51 -40 0
39 -18 42 0
17 -19 0
21 42 -19 -4 -26 0
-53 6 -8 18 0
-2 -3 3 3 6 47 0
6 51 -9 -11 0
-48 15 2 0
-4 18 7 0
36 48 -14 -49 0
53 -47 14 51 0
-38 47 16 28 25 -24 0
31 29 41 52 -6 0
50 34 47 44 -37 -14 0
35 17 0
36 -50 14 -21 10 -21 0
-25 10 13 0
55 -44 4 0
28 -34 37 -36 9 37 0
11 -32 28 0
11 -25 -43 9 -40 -32 0
-27 -8 0
15 31 52 0
-25 41 0
-32 17 -46 48 54 -44 0
-45 -46 20 -10 0
-21 -2 14 47 43 0
-39 -41 23 -28 -48 0
31 -23 18 0
4 -27 28 0
-7 6 0
29 -47 44 -24 0
19 -46 -2 -31 -23 0
27 -28 30 -20 42 0
3 -24 0
31 -48 4 0
-42 21 22 -23 0
15 -15 0
20 -54 -22 -15 0
-40 35 39 0
23 37 13 39 0
7 15 0
38 49 14 20 -19 0
49 -40 -9 23 -10 6 0
1 10 40 24 0
52 7 45 26 0
13 24 -34 32 0
-49 -25 0
-21 43 -7 0
-50 -49 6 -30 7 -40 0
49 -48 13 18 -26 -21 0
12 26 -14 -40 45 0
-2 -39 0
14 -25 44 -42 32 0
22 -37 -24 0
6 17 6 29 0
-34 -5 6 -51 0
-46 -10 23 26 48 0
30 49 -44 0
6 -36 -24 22 8 0
-39 24 -28 -50 -52 0
-31 16 24 -10 0
27 1 -45 -26 34 0
-10 -39 44 20 46 0
-43 3 38 -3 0
-53 -14 -4 49 0
-36 -32 -50 -13 0
-48 -36 10 14 0
36 27 -44 51 0
29 33 38 47 -47 -53 0
55 -24 -44 53 17 0
-53 34 10 -52 50 0
48 -53 -49 0
43 25 45 34 39 0