c
c start with comments
c
p cnf 37 124
-7 -35 0
31 13 22 -14 18 0
-2 -18 3 0
6 -2 33 30 27 0
-28 -20 -30 0
37 27 22 0
24 16 -26 -6 -22 0
-6 -6 -21 32 -12 26 0
-8 -34 25 0
10 28 -28 -3 0
19 -33 14 0
-12 -16 0
-23 8 31 0
10 23 31 -35 -25 0
-17 -15 34 -25 0
-34 -12 0
35 -8 -31 -11 -5 0
17 15 -19 0
-4 -21 0
-16 -21 2 0
-33 -24 2 -13 0
33 -36 -36 -27 -31 -22 0
10 -13 -20 0
-27 -32 -4 0
34 31 0
-36 -33 -22 18 23 0
2 5 0
10 -17 -14 0
31 26 10 0
7 10 19 -33 0
36 25 0
2 -33 30 36 0
-13 28 27 20 0
2 27 -17 0
20 2 -36 -10 31 0
-17 2 22 16 23 0
-11 -6 32 29 -12 0
35 7 -27 0
33 -12 25 -32 -19 -28 0
-13 10 -24 32 -20 -29 0
29 -33 -22 0
25 -14 -24 0
15 -36 27 21 -25 8 0
6 -12 -10 26 0
27 27 34 0
25 35 32 -2 0
24 -31 3 0
-36 12 -21 10 26 0
-28 -15 5 -27 0
14 18 -7 0
14 4 0
-20 -35 36 16 -29 0
13 -13 -20 3 -7 0
-21 -5 -15 0
30 -19 18 19 -26 0
20 11 24 -33 5 0
-2 13 0
4 -22 29 0
24 -12 -25 -21 0
29 5 -24 -7 15 0
15 -23 29 0
-32 9 0
-10 -7 4 -23 23 0
-29 -26 -13 0
8 -14 -35 8 17 0
-12 23 2 12 0
30 -2 -4 18 0
-6 32 19 -16 -24 0
26 -14 14 -23 18 0
-32 16 20 0
-12 26 -26 0
4 -14 -33 0
18 -34 2 -10 20 0
20 31 -22 -33 31 0
-30 34 -25 30 -5 0
-13 -17 13 7 28 0
23 -6 4 22 0
9 15 -32 36 -21 0
12 3 0
-27 22 0
-21 -5 -28 -15 21 0
36 5 -11 7 13 0
-3 8 11 32 0
-17 21 -30 0
29 -4 -22 -7 8 0
-16 -10 0
7 -31 -12 0
-32 2 -34 -7 -30 0
30 -12 -9 -16 5 0
-15 -36 22 14 -10 0
-9 2 -19 0
-15 -35 -34 0
20 -12 35 2 -28 0
15 -16 -3 -31 0
-22 25 31 0
-18 -28 -27 -30 0
-12 -24 22 3 29 0
-13 -21 -26 8 0
21 17 24 37 -24 0
5 2 5 0
25 2 -3 8 8 0
-3 -34 36 -16 -19 0
4 -6 3 8 23 -9 0
-7 -35 26 22 -20 0
7 -5 -2 36 -4 0
5 -14 0
-20 -15 -37 -2 0
-2 -28 34 21 0
14 5 35 -36 0
23 9 -33 -27 17 0
6 -12 10 -24 0
4 31 23 0
20 -5 -24 11 6 -20 0
37 -35 0
1 -24 19 16 22 21 0
-26 20 14 33 -10 0
9 2 -5 0
-5 24 -2 35 0
-32 -24 -14 0
-35 34 19 0
17 -18 8 -35 34 0
-27 8 -2 -15 -17 0
-16 25 21 0
30 -13 -4 23 29 0