c
c start with comments
c
p cnf 93 376
-47 18 -14 72 -7 0
-91 -81 58 0
38 -38 55 89 55 0
51 -15 -55 27 -15 0
-24 -72 0
33 -54 88 55 -85 0
34 -34 33 -44 0
62 56 -17 -20 -38 -20 0
-81 29 -42 -25 0
73 91 -55 -85 -87 0
-84 5 69 24 0
-20 -74 75 -34 0
47 53 18 0
-30 -49 -19 -9 17 -77 0
-79 14 0
-51 31 -43 18 0
-30 60 -20 45 -44 -80 0
-33 -60 0
5 13 25 65 0
-38 64 -79 0
-88 -49 -33 0
-33 -62 -90 91 12 0
-85 54 -81 33 -40 57 0
83 -73 -73 0
-17 19 -76 51 50 0
85 8 75 61 0
-76 18 -36 -24 15 -27 0
-66 76 -10 0
65 -38 45 41 0
66 20 14 -38 -20 0
-54 82 0
-73 6 -63 -62 -36 0
89 68 55 89 -13 0
75 72 -35 0
-44 87 1 0
7 -7 0
-21 62 -88 0
74 91 9 -38 0
65 53 -72 51 0
45 -34 0
63 61 -38 -29 0
77 -89 0
93 -10 -64 50 16 0
11 78 -55 88 64 -78 0
-14 -11 0
-16 -10 -28 -58 0
46 -86 30 42 -17 0
64 70 -87 21 -35 0
89 -13 -80 -51 22 0
-82 75 29 46 -84 0
71 -31 -71 65 0
28 40 10 22 0
-53 -65 -22 72 -11 0
3 -75 8 -19 20 -29 0
60 3 -49 63 3 -29 0
-48 78 38 70 -22 0
61 -27 -36 -61 62 -38 0
48 21 10 -81 0
52 4 65 0
44 -61 46 20 0
46 -67 0
51 -51 34 59 0
65 -61 59 -2 -27 0
-45 -16 31 38 -89 -4 0
-39 -11 75 58 2 0
-7 -2 17 66 63 0
-18 26 1 0
89 -27 -51 0
-77 51 -15 -14 0
-87 1 51 57 -68 0
72 -15 -60 0
65 -74 0
-17 -33 -47 -57 -89 51 0
-28 54 80 75 -22 0
-44 62 -40 0
-66 -15 68 -1 0
-69 2 -62 66 -5 0
88 15 52 -27 0
82 -70 -50 78 -3 0
66 -37 11 -84 -41 0
-85 -78 0
-69 50 74 71 15 11 0
-62 41 -36 -21 0
64 -20 -7 67 0
31 77 -31 0
6 1 -10 -30 70 0
-10 -19 -10 -41 0
70 -64 86 0
10 87 -31 -35 52 76 0
-44 90 39 82 0
-9 7 0
9 17 42 -8 0
-93 64 -41 0
61 -40 -39 22 0
39 -79 -41 0
70 -58 -37 0
-70 -32 9 -16 17 0
-37 91 -17 40 -82 0
-63 -43 -44 -31 0
-86 50 -87 0
9 84 13 0
-90 -16 87 36 90 0
-32 35 71 -39 -20 0
48 -15 -60 -34 0
-38 -74 0
82 -50 6 -92 -49 0
-90 -28 50 0
21 33 0
-72 81 85 26 67 29 0
-22 3 0
91 67 0
-83 -49 -45 -17 -51 0
80 -48 -18 -86 0
59 17 -83 0
84 -74 -60 0
84 -51 43 -14 0
-37 51 -63 0
-22 45 34 -3 0
45 80 2 5 -34 0
17 -66 -69 30 14 0
73 50 -5 -71 -4 0
-87 74 43 -72 -62 0
-74 -62 70 49 0
-39 -53 54 -9 49 81 0
-84 -85 10 27 0
84 -6 49 -75 12 92 0
-47 -85 52 -35 34 0
39 52 51 62 -83 0
-62 -91 14 73 90 -18 0
51 -77 65 0
-70 38 -64 0
-47 -46 5 75 -53 0
66 -5 50 89 0
3 32 -86 24 0
-14 14 8 0
27 -42 -11 0
88 84 0
-63 -85 66 38 0
-14 36 -17 0
-74 29 -57 0
69 52 -21 -24 -93 0
21 -31 -27 20 0
-87 -86 0
-83 -46 0
3 4 37 9 -91 0
72 24 14 0
-74 44 -80 0
90 15 -32 41 -69 0
81 78 3 62 0
-24 63 -37 88 0
-29 26 -80 -32 0
11 -84 -80 0
93 19 0
-33 73 12 65 -47 9 0
34 -84 -17 28 -20 42 0
-20 23 -4 9 0
-55 69 0
8 -61 20 48 -82 0
7 24 0
-14 -64 0
-2 27 0
-48 -72 -5 -54 0
-3 -76 74 0
-64 14 -86 -63 0
91 69 0
-24 -69 -73 21 -84 77 0
-36 71 -24 -63 0
53 -15 78 -3 18 0
60 -77 0
-48 -21 -75 -71 86 72 0
-20 -88 50 0
91 75 -4 0
69 89 -64 34 -82 0
-84 68 29 84 -40 -80 0
-41 31 -56 36 -64 25 0
-82 4 -60 0
-61 32 39 0
52 12 -38 0
-8 -23 0
65 -34 0
-3 -2 -2 75 0
68 -50 -58 -11 0
-27 26 9 10 0
-90 -59 75 -6 0
-9 45 0
-67 85 0
50 92 80 0
41 -37 -42 -57 -17 79 0
77 -58 33 21 0
35 70 62 0
67 -25 -61 -71 0
61 -72 -2 0
-93 -60 0
25 18 52 66 20 0
46 -20 -91 49 0
28 -41 -40 -12 -60 -75 0
40 -75 -89 -20 -37 0
33 -46 -14 4 -8 -85 0
-72 -39 -85 -3 0
17 72 87 -52 0
-31 56 -85 78 0
-72 -62 0
-19 -78 0
-49 -16 0
45 53 -59 47 3 0
-77 77 -23 0
-50 -80 -13 0
-88 4 22 -39 0
-70 46 82 24 0
76 -84 -14 -46 11 0
-78 13 -83 17 -37 0
44 11 56 57 0
57 -1 41 50 -47 20 0
-49 -10 -78 -80 27 0
70 -47 -87 20 27 64 0
-21 17 29 -59 11 0
-52 57 87 36 -66 0
-48 -7 88 -81 0
-32 -89 -73 84 0
-72 19 -88 41 -51 0
24 78 -69 -38 23 0
22 -68 31 60 0
70 -42 43 -87 -59 -61 0
-67 -7 43 4 90 0
-12 89 -24 40 0
36 54 -8 0
71 31 -26 -36 46 0
-56 28 83 0
61 -5 40 47 -4 0
84 42 -41 0
9 -70 83 38 0
15 -74 -37 7 68 -63 0
38 81 -37 0
-12 36 51 -57 0
86 -38 55 61 0
-84 -89 -27 -71 86 0
67 52 14 -83 0
92 60 22 0
55 -26 61 -7 0
-91 55 -26 -58 -90 1 0
69 -45 0
2 -69 59 -21 0
-2 92 11 71 9 -72 0
-77 32 28 0
-39 34 91 0
-59 -26 -35 -14 -65 0
-19 -56 0
-88 -48 -9 -77 -46 0
35 50 -34 -53 79 43 0
78 71 -32 30 0
16 -56 82 -82 0
-58 -74 2 0
-67 -27 -56 -46 0
9 21 0
-65 -39 89 0
45 -7 0
84 63 -4 -67 -27 -4 0
87 -58 -1 -22 45 0
-77 85 -22 0
-17 -27 -90 -55 65 0
39 -82 56 68 0
53 42 80 -40 7 -52 0
6 49 -30 26 -5 0
93 -17 -8 78 -3 0
-51 -43 -29 61 6 0
53 -70 90 0
14 34 77 24 57 57 0
-55 17 -12 16 79 0
-33 -52 23 0
-30 53 62 -17 0
20 40 77 -7 -42 0
73 26 13 0
-7 -22 -35 -31 0
-67 -52 -31 56 0
79 19 -16 -70 0
8 66 43 59 0
57 -4 -78 0
-68 26 0
-82 4 -49 83 -82 0
67 -50 62 0
-8 36 0
-93 -64 85 30 0
87 16 -2 -85 91 0
-23 -9 89 86 0
50 44 -68 2 -65 0
89 62 70 -24 -33 0
86 -33 34 43 -68 0
-58 -8 0
-76 10 58 0
-52 18 74 52 61 0
-88 25 54 54 -85 0
89 -33 28 44 56 0
-2 20 15 51 43 0
93 26 84 -43 25 -33 0
-35 -51 -84 0
-63 -53 20 -54 -5 0
-19 -44 -69 36 11 46 0
85 86 7 0
35 -81 -58 14 0
-44 89 57 0
-25 72 -56 -76 0
-86 -29 -3 -90 0
-31 -27 -5 65 27 84 0
-51 -40 35 13 0
23 -11 -52 0
-77 45 61 0
-44 -90 -34 71 0
-80 77 -51 -66 47 72 0
89 11 36 51 -59 0
-59 45 -53 0
5 -87 27 -84 -32 0
10 44 -20 83 0
69 -60 17 -60 -85 75 0
-29 -43 14 -33 0
46 58 0
-67 28 -50 0
43 -58 27 -59 0
-14 -73 -59 24 11 0
-39 -11 -64 -3 -22 82 0
44 68 -40 42 -66 0
-48 -57 17 -37 -41 0
-29 -5 -85 6 17 0
61 -28 51 -67 0
12 87 51 -27 0
28 -2 15 69 60 0
-67 86 83 74 0
-74 87 -48 -79 -67 0
14 -37 -71 55 0
-5 -85 -19 -68 24 0
-66 -37 0
64 73 26 0
9 12 -46 0
32 26 -90 0
80 31 14 89 0
50 88 -75 0
78 -25 0
22 35 28 -19 22 0
15 12 75 0
50 -61 25 -38 0
-50 50 -20 0
-81 -50 41 -35 -62 0
92 -78 38 -30 0
51 19 33 -67 -58 50 0
-72 -34 -15 3 29 0
-15 8 -61 8 -7 0
-37 -13 76 0
30 39 -29 3 0
-86 -16 -24 88 0
74 -75 0
-47 -2 61 -6 81 0
89 2 4 56 10 65 0
20 64 83 -34 72 0
-79 35 78 51 0
-73 -20 -51 -46 0
17 -59 59 -77 0
-4 81 -92 -29 -43 -88 0
-43 60 -47 90 5 0
-18 -62 -9 -26 -73 0
67 17 -74 0
-23 -38 -44 0
4 49 7 -44 -20 -70 0
-3 -90 -84 84 -74 0
-5 39 63 0
76 -6 65 0
37 -19 48 -9 0
29 -66 71 -47 -54 0
-42 91 -40 83 16 0
68 24 -24 26 60 0
93 53 0
-69 -68 31 0
-61 63 3 -20 -21 -65 0
-63 -36 0
32 -23 90 20 24 -43 0
21 72 -54 -67 -74 -9 0
60 80 -19 10 0
-82 -66 -17 14 0