c
c start with comments
c
p cnf 124 327
12 103 -90 10 -16 0
113 -102 36 0
115 86 13 96 0
31 8 61 0
-93 122 84 0
-58 12 -81 -33 13 0
106 -48 2 122 -53 0
-69 48 -119 0
47 20 15 49 69 0
93 -90 0
41 75 43 0
26 102 0
42 -3 83 -42 -9 0
-41 -82 112 66 0
98 56 55 57 -44 0
-4 -95 50 -122 -46 0
-40 -84 -114 77 0
-107 32 31 0
46 51 0
-114 7 -94 31 -85 0
99 -60 -28 -59 -44 0
-83 -27 36 0
-62 55 -118 0
-24 -43 -67 120 -33 0
28 109 0
-27 110 107 -22 16 -22 0
20 -82 -64 0
16 -67 102 -27 29 -84 0
91 100 0
100 -87 38 72 0
70 -100 -51 52 65 -3 0
-123 -41 0
-98 73 -15 -2 0
83 13 0
22 84 -16 -45 -94 0
-57 -119 92 0
-16 -22 61 0
-57 -60 -100 -89 0
35 -63 -22 0
-44 -76 -67 104 -26 0
-52 -84 93 92 -104 79 0
-91 -37 0
-118 -65 -3 39 104 0
-37 -118 -81 0
44 -1 0
-63 41 -56 -20 -104 17 0
-115 94 0
114 -81 -38 43 0
62 5 33 -61 0
-57 4 68 -39 28 0
-5 31 14 -43 0
91 58 -22 22 0
-82 -1 -73 -79 -97 107 0
27 106 0
-90 50 11 2 0
12 -96 69 0
5 8 -114 -110 55 -56 0
52 83 -47 -104 -51 0
46 70 -122 -70 0
-82 -108 47 -29 -123 0
-40 12 17 114 0
-60 -69 40 0
31 -19 -69 0
-24 -35 19 37 0
93 -114 -44 29 -101 -6 0
-40 -78 -87 -119 -36 0
-90 -107 -96 66 -21 0
57 65 -28 -106 -22 0
-12 78 -39 28 0
-23 -2 -44 0
45 -113 114 82 -32 -14 0
-62 8 12 -78 0
48 -112 121 0
-121 59 -86 0
-28 113 -84 96 -86 0
11 66 -73 117 -44 0
-100 90 0
-36 78 4 0
-88 -79 18 2 37 45 0
-72 89 -47 -100 46 0
-117 -110 -87 92 0
-65 55 30 52 0
-60 -21 90 0
-16 20 60 76 -27 -47 0
-100 -107 0
-121 -26 99 75 0
98 -104 -6 0
73 -121 47 -26 -100 62 0
-94 86 -87 0
-41 -80 14 52 0
102 122 99 -95 0
82 85 25 -5 53 0
80 -37 86 63 -72 0
107 -112 73 17 -27 39 0
23 38 0
-66 -48 -111 18 22 0
-2 67 -75 0
-53 71 -86 42 -39 0
-6 12 0
-105 -76 -119 -14 -41 115 0
107 108 -108 103 109 94 0
-76 19 -62 18 0
-119 47 0
-64 90 -38 -110 37 0
60 -50 111 -42 -15 11 0
-29 110 -94 -41 0
72 114 -122 0
120 65 -32 19 57 64 0
5 32 45 0
-29 -65 20 40 75 107 0
-121 113 -23 0
-66 -60 -16 -29 6 0
88 -77 0
1 14 36 -83 -14 0
41 -76 43 -89 -67 0
-105 53 -108 68 -70 122 0
110 115 -119 22 -84 0
-48 -75 -9 -74 0
17 -118 -111 -79 -109 0
34 50 16 27 68 -48 0
80 95 0
-89 -5 -113 97 0
-103 42 120 36 -88 0
-103 -62 68 -8 0
-19 47 54 90 -43 0
115 -89 0
75 59 -78 31 6 0
10 112 -73 105 -38 0
39 -118 -103 72 -91 0
119 -84 0
74 -55 -43 -13 0
-37 26 62 53 0
-12 76 63 0
-108 -86 -92 0
29 -90 0
46 -4 83 0
-111 49 -17 -70 -99 0
-79 -122 -12 54 0
38 -95 -87 121 0
85 -65 -38 106 0
31 -97 -45 19 0
-69 97 95 -92 0
-70 99 80 -79 0
-77 16 81 70 -20 -20 0
95 -12 -115 -71 -17 0
-49 26 109 83 0
-18 53 0
55 96 89 -22 -39 0
24 94 122 -85 -101 0
-15 -49 32 81 -75 0
-101 -11 -24 0
-9 80 -92 0
1 -58 113 -7 -107 0
99 4 87 0
97 -61 79 -1 0
-16 122 -120 0
36 -27 -71 63 0
-5 16 112 65 8 -18 0
-65 32 -58 -118 9 0
15 101 60 -21 0
-46 -34 0
103 95 -79 0
115 -90 95 0
84 -68 44 0
-119 -76 -61 -54 24 -48 0
14 49 -79 -110 29 0
21 23 106 38 41 0
42 -95 43 -10 53 0
48 54 120 -42 104 0
-111 -84 -8 -10 0
-19 -45 -108 108 0
-95 8 61 0
120 -84 71 0
-13 108 95 52 0
8 99 -117 -91 -63 0
24 24 -104 -20 0
-43 40 107 -88 0
-52 -23 -84 0
23 -3 -91 -103 -75 -23 0
91 -107 0
-90 -8 43 101 68 2 0
-68 15 -114 0
100 4 14 -97 10 0
-7 115 -77 -114 23 44 0
70 -38 0
-67 47 -26 -1 -60 0
27 38 -71 114 0
94 -38 -56 0
-116 52 -63 0
-92 -91 51 -38 -6 0
115 -61 0
18 22 54 106 -18 0
-76 -65 -19 -89 0
61 55 79 93 3 0
-84 -13 -113 0
14 113 104 0
-76 103 0
-83 86 -10 0
50 -92 -38 53 -106 0
111 -45 -92 57 0
-14 53 62 0
68 -91 -52 91 -123 -2 0
-116 81 4 113 0
48 103 -23 0
-11 -2 123 3 0
84 -99 0
17 39 -120 0
70 48 22 -34 0
27 -110 7 -81 0
79 13 -122 -17 -105 0
76 -63 59 -21 17 0
-75 56 90 -119 0
69 55 -67 20 -79 0
-42 30 98 55 110 0
-75 -22 -120 -24 -94 0
-97 -80 97 0
-109 39 -76 -37 0
44 -80 0
-65 122 53 49 39 25 0
-27 -63 0
-6 76 0
48 -29 -17 38 22 0
-57 41 118 94 -86 0
107 57 48 0
53 26 -4 0
-2 -68 112 -40 0
-100 62 3 -70 -54 48 0
85 1 60 -40 78 114 0
-97 64 -22 0
31 -13 -103 -122 121 122 0
-56 83 -103 77 106 0
-108 -116 52 28 43 0
86 117 -89 -112 34 0
101 13 10 88 33 0
-27 -122 -2 -99 0
33 -121 -87 122 17 -34 0
-80 -3 78 -93 0
67 50 64 -78 60 -36 0
-121 -24 101 -2 117 113 0
29 -93 108 0
16 7 -9 0
84 65 -52 2 7 17 0
57 -22 57 0
36 40 -60 62 68 97 0
62 -62 18 0
-7 -23 -114 97 114 0
20 16 0
-82 -61 80 0
100 123 41 18 -33 0
30 -3 -25 35 0
-77 44 0
74 -14 49 0
104 49 119 12 -21 -84 0
110 -62 64 0
-77 119 -118 93 0
-83 -52 63 0
-58 44 0
-34 -47 -52 -96 0
21 80 -42 -15 -66 -28 0
-3 -20 -103 0
-118 100 68 120 9 -97 0
64 -70 -46 122 0
-96 -2 109 -113 40 0
-100 47 82 0
24 -76 0
-14 54 0
-88 72 0
-16 4 0
115 106 28 111 0
100 123 -21 -104 -53 0
22 110 117 121 0
15 78 66 26 0
-118 111 -18 0
60 78 56 0
104 27 -25 -98 -96 0
-118 -77 -59 0
124 -54 0
-55 -46 -7 0
102 -106 91 56 0
-50 -81 0
-75 82 48 60 0
-3 121 -89 -101 0
31 98 -99 -105 -35 0
60 -27 66 98 0
16 45 -68 50 0
-110 79 -14 -71 -88 0
96 -68 49 78 -66 0
45 -37 45 0
-57 27 -27 -22 0
-99 28 29 -4 0
-39 89 -65 57 62 -63 0
101 106 -8 -93 -111 0
-58 85 2 73 -20 42 0
111 91 29 -89 30 23 0
105 -112 27 116 -63 -84 0
11 23 30 -30 110 81 0
3 84 -111 -40 0
73 -75 43 0
-47 -92 -91 48 -31 0
68 -61 -60 -9 29 -17 0
-2 7 -55 -93 -115 0
-57 -36 91 7 0
-94 49 118 0
-20 43 0
-8 93 113 105 40 106 0
-64 -2 0
47 52 0
-37 -12 0
-34 120 -122 116 0
-21 -99 86 32 -87 0
16 -8 -86 117 -108 0
-101 123 -59 0
-116 29 0
-47 -22 0
92 26 96 0
-97 43 -58 52 20 0
-65 47 -86 0
-118 108 -50 90 0
59 52 77 1 -107 86 0
60 13 0
-97 -19 -40 10 0
-9 -8 0
57 83 -71 114 -101 -98 0
107 -25 -6 0
-98 -64 96 0
29 62 106 41 36 0
-48 -24 115 26 -88 0