c
c start with comments
c
p cnf 24 72
13 16 -17 6 2 0
-11 -18 13 -15 9 -2 0
-10 16 -20 -2 0
-11 -17 3 21 17 0
-2 -10 -9 -16 -19 0
-16 -14 14 14 0
-24 -22 -2 0
18 -12 14 -18 0
-13 -15 11 13 -21 0
15 -19 22 -22 0
-21 -6 14 20 -9 0
11 -14 15 0
-6 2 -3 -11 -13 0
-20 -19 -21 0
16 -2 23 -7 -19 0
-3 -8 -6 18 -8 3 0
4 21 -15 0
13 9 -9 -17 0
-1 7 14 1 -9 0
-13 10 -22 17 -22 0
-9 -23 16 19 3 0
-12 19 -22 0
13 17 10 0
19 -15 -17 0
-14 -10 -8 15 0
-15 16 0
14 10 -14 -12 0
14 -14 -12 22 0
3 -9 8 20 0
-14 9 6 3 -11 0
15 13 24 -10 -16 -12 0
-4 -21 -18 -18 18 0
-5 -5 -23 5 -9 6 0
-23 -7 11 -18 0
6 24 9 -12 -10 0
-21 -3 -16 0
-2 15 4 12 21 0
-10 10 -16 -13 5 0
23 21 6 0
-16 -5 8 14 21 0
-15 -16 -1 0
-5 -13 -6 15 4 -9 0
-1 19 -6 0
22 8 -16 12 -16 0
-15 12 -8 13 21 19 0
2 -24 -3 -20 -14 -3 0
23 15 -10 0
-9 -6 -5 -5 -20 0
-8 -15 23 -22 0
16 13 16 -21 10 0
2 3 23 -8 -14 0
18 14 -7 0
-22 4 7 10 4 0
10 -3 -9 0
8 11 0
-20 -11 17 0
-9 -4 0
-7 23 -17 0
-7 -21 15 -3 0
18 -10 -23 14 -6 0
-5 -3 13 -23 0
16 4 -17 -17 0
21 -17 12 0
-23 -17 20 18 0
-13 17 -19 0
-15 5 -14 0
12 6 -16 24 0
5 23 23 15 -4 0
-8 -17 18 22 0
14 -9 -4 8 -22 0
-7 -11 7 24 0
-10 -8 18 9 -24 5 0