c
c start with comments
c
p cnf 60 325
31 -21 -57 -50 -41 0
-50 -19 30 -9 5 0
-26 -18 0
30 54 52 0
-42 13 39 -17 0
33 -51 -6 0
2 41 0
-34 -55 -6 -33 -26 10 0
-19 31 -52 -46 4 -1 0
-60 22 -56 0
-2 -51 -21 2 0
20 -29 25 -33 36 0
-59 16 -59 -31 0
26 -35 9 -55 -15 14 0
-14 15 -29 -37 11 0
29 -56 45 55 0
7 48 40 -44 -44 -38 0
-18 -57 -7 0
58 34 0
3 -36 0
-56 -36 27 0
-56 47 -57 -52 0
-45 -44 0
18 52 12 8 0
12 -14 -51 0
-39 -30 25 -27 0
4 -28 -37 -36 24 0
13 -22 -4 0
-55 3 6 -34 -5 -12 0
24 -19 -19 0
51 35 0
30 23 49 -28 0
-19 -59 -38 58 0
60 57 35 0
21 -10 -28 26 0
-31 -48 -21 0
25 -3 21 0
-8 27 54 0
34 49 37 0
38 44 14 -27 50 0
53 -53 0
47 35 0
58 56 55 -47 0
-39 40 23 -10 0
-30 9 -7 45 16 0
-26 22 -49 13 0
-36 -17 -12 9 0
-29 -37 0
-24 -55 39 6 16 0
-39 34 43 -2 0
-22 5 -47 8 0
-20 22 -24 26 -13 0
48 -35 -8 -49 52 0
-41 42 -13 0
-4 38 -10 -37 -22 0
40 51 31 0
-50 -56 12 -32 0
15 57 2 13 -10 -24 0
21 -35 -58 13 -32 0
-25 -25 0
44 35 -15 -50 0
11 34 48 -54 0
17 54 -37 23 0
33 39 0
31 -33 25 60 -9 -40 0
38 45 0
28 -32 50 0
42 -48 27 0
-19 -7 -52 -28 0
51 -36 0
58 30 -56 0
-5 -18 52 -11 39 0
-29 -43 0
35 32 -43 -23 -32 -6 0
-13 28 -36 0
-39 22 -2 0
2 -35 15 26 52 0
-40 -23 -53 34 0
-22 -19 0
-42 -10 0
27 53 -55 0
-5 -33 -25 -24 0
-23 -37 -45 -35 0
13 56 -17 0
22 1 -35 -36 19 0
-37 42 -40 0
-29 29 36 -48 0
10 -55 51 -26 0
-11 53 -23 -9 -30 -35 0
46 -51 -50 -31 18 0
3 54 -15 -35 29 0
25 -15 -56 -36 -29 0
58 -57 20 0
-22 56 0
-17 -20 -46 32 0
-6 -53 -13 38 -8 0
19 15 54 -8 12 0
12 -16 56 0
-21 11 7 0
-39 -17 -26 0
30 -34 17 0
47 24 36 16 0
28 -34 40 0
-1 9 7 -17 -4 31 0
-40 11 -2 57 0
19 -8 -10 36 31 0
8 41 13 -27 0
17 12 30 0
2 -46 -8 0
37 56 17 -32 -50 -5 0
-18 54 11 51 29 0
-43 3 -49 48 30 0
-49 -30 44 0
22 -6 41 15 0
-54 -8 58 0
-48 -55 0
60 -58 30 -10 29 0
-33 -20 48 32 -29 0
-8 -24 -13 19 0
37 54 -44 -15 0
-5 33 41 -21 0
36 -47 -45 -29 18 0
35 57 -16 -39 0
38 -59 -20 27 -53 -31 0
32 -39 39 -47 -22 0
-58 -27 0
21 -57 -10 35 0
-53 25 48 52 45 0
-52 11 -22 -57 -4 -48 0
-49 -29 0
-33 26 4 53 -43 21 0
-26 57 50 20 0
56 -40 45 -4 -6 0
29 -2 46 12 -33 0
26 2 39 -27 44 0
-37 9 9 0
-6 -16 -56 -50 -7 0
28 -34 41 54 59 0
52 -2 -27 11 0
48 35 -50 -53 -48 0
-59 -15 18 0
3 19 -55 0
20 15 12 -33 -17 0
-23 -54 8 0
-25 12 24 0
14 22 -33 4 0
11 35 43 -1 -58 30 0
-47 39 -48 -51 -52 0
40 12 -14 39 36 40 0
2 -38 -45 10 0
23 -39 46 4 43 0
39 48 -26 0
-57 7 0
18 40 0
-55 47 51 -34 0
44 37 60 -14 -38 0
13 -32 -48 0
-30 -50 42 51 -25 -34 0
-25 23 -19 0
59 54 -48 0
31 21 -52 42 43 0
7 -47 0
30 7 23 35 -7 20 0
18 35 31 0
-56 49 4 41 0
56 -10 40 0
55 -23 27 -8 32 0
-14 -36 6 57 40 0
2 4 -23 16 0
50 -59 3 52 0
27 17 44 14 0
8 -60 0
-55 13 -25 44 0
-54 -58 50 59 0
-31 59 41 24 -15 0
37 -51 -51 -21 40 59 0
-58 -38 35 -12 0
-3 46 -53 0
-58 -10 25 0
50 -41 -37 -33 0
-33 35 21 0
-2 -21 0
51 -55 -14 -22 0
-38 -30 54 -31 0
-35 40 -54 27 2 0
31 38 31 13 -48 33 0
-22 -32 0
-45 -2 -30 0
19 -18 0
-2 -8 -51 -29 0
-51 6 0
35 24 32 -52 22 2 0
17 -39 -47 28 0
60 -37 0
-39 -9 -8 -47 -56 60 0
-59 -60 29 0
-2 23 -40 -13 0
-35 -4 0
23 -26 -15 6 24 0
41 47 -8 0
18 34 -21 -10 0
-7 14 47 0
20 -20 30 -15 23 0
-40 -26 11 24 -57 0
-6 25 42 -58 0
-12 29 0
-35 21 0
-21 -6 9 -58 -54 -4 0
39 44 27 -19 23 38 0
-59 -18 34 0
58 53 -25 28 3 0
-59 36 41 0
-60 6 54 -55 29 0
60 28 53 0
16 42 -11 24 -32 6 0
-51 52 -35 42 0
-18 8 0
23 -40 27 0
-58 14 45 0
-15 9 56 0
29 38 17 60 -18 0
-9 -55 31 0
51 16 41 0
21 -8 0
16 -14 -41 40 0
-23 -15 5 -4 31 0
-55 -2 53 -11 33 0
16 30 25 3 38 16 0
-51 44 10 0
6 -29 -59 -25 -38 15 0
-40 47 11 -26 0
-29 -44 -7 -7 0
-50 -33 -38 0
-14 39 1 1 -11 -45 0
-4 21 11 0
-5 5 -47 -60 0
-36 -51 54 38 -21 0
4 41 0
10 53 45 21 -30 0
37 -37 29 -31 0
-25 -5 0
-6 -47 0
6 54 58 -21 0
-20 -29 46 0
-42 22 13 -21 0
28 24 36 0
-45 47 28 0
15 17 -43 40 -44 0
-17 -35 -11 37 0
-32 -59 47 0
-8 -60 -53 31 15 0
-32 -19 41 0
-39 22 -43 9 -39 0
34 10 11 0
-10 12 -4 0
-46 -25 -50 0
41 -35 39 0
10 -48 55 -55 -7 -44 0
42 -15 56 -1 -33 0
30 -12 50 -48 0
53 16 58 24 0
59 -51 -49 -29 0
-60 -34 2 0
60 42 27 0
-6 -51 -31 -54 -8 0
-19 54 -13 -42 46 0
22 16 28 0
14 -24 41 0
5 -49 10 15 0
34 -20 -24 -17 0
30 -58 19 32 -17 -33 0
28 38 23 0
-49 -5 -8 0
30 26 11 -35 -49 0
28 -44 17 8 0
51 30 -39 -47 -58 0
58 21 34 10 0
6 -34 -45 0
-30 -14 13 -4 42 41 0
-53 4 25 26 -53 35 0
-22 -53 0
18 18 24 24 0
14 42 33 -6 0
-16 10 26 0
11 -40 0
-59 -48 57 0
27 -40 -24 22 35 0
-40 -47 0
44 -28 48 0
-13 8 -15 -27 0
52 -14 19 16 -8 0
-43 23 -43 -17 0
-52 -52 -24 -30 -4 0
-20 50 -9 0
-43 56 18 -23 0
38 -39 5 33 11 0
1 -56 19 -4 -55 16 0
-31 5 32 31 0
24 -8 57 24 0
8 -53 42 -16 54 0
-50 -39 -30 -32 31 0
17 53 -29 -21 0
4 -3 37 -11 43 0
-22 -40 -42 -2 0
-40 -23 41 -54 -16 60 0
-7 -26 41 0
52 11 42 0
3 -5 12 0
23 -8 13 0
44 -47 -6 54 46 0
-40 -37 -39 -49 0
-12 -39 47 33 -59 33 0
-18 -36 45 0
-33 -55 -24 0
28 58 16 -41 0
35 48 55 -58 -39 0
48 -13 -24 -24 -23 0
-42 12 -43 25 0
24 5 -5 28 -54 36 0
-38 13 42 24 0
57 -36 -35 8 -13 0
33 -18 60 0
-49 13 -4 25 2 0
40 26 0
-16 13 0