c
c start with comments
c
p cnf 39 130
22 -15 -27 35 13 0
19 17 0
-30 6 0
-16 -11 37 2 -21 0
-26 -20 11 -17 0
23 -33 22 -22 20 20 0
-16 -21 -20 34 14 0
8 23 -32 0
-26 -23 8 29 0
-1 37 -10 -34 0
12 15 2 -16 4 0
7 27 -34 0
34 35 37 -36 0
-37 -39 -24 30 0
-20 -23 -20 28 12 0
19 -5 7 0
37 -8 -36 9 14 -20 0
-3 7 11 10 -16 16 0
29 -25 0
-19 -6 27 14 0
33 -20 28 35 13 0
29 11 28 -23 22 22 0
25 -37 -17 34 1 -9 0
37 -36 -12 0
-30 31 -15 15 0
-38 4 4 -6 0
-5 -3 -12 32 25 20 0
37 -6 18 -30 8 0
-15 -35 4 0
-10 -26 -23 -24 -35 0
-11 4 25 14 0
-7 -14 -5 0
-11 -37 0
30 30 16 34 17 0
-7 -13 11 -9 0
-13 -28 -7 -34 -38 -16 0
-9 -1 26 -21 -39 0
2 -27 -29 -9 -30 0
-33 9 -37 -2 0
-10 -39 -24 15 18 18 0
18 -25 0
31 -15 0
-28 22 20 5 26 26 0
33 22 34 -39 28 -30 0
4 12 0
12 -7 0
-22 -5 -20 0
36 -35 12 -10 -29 4 0
-36 -21 -21 -16 -38 -9 0
28 -4 -3 23 0
38 18 11 -34 26 0
9 16 25 14 0
38 -3 -14 -22 -1 38 0
9 -38 21 -13 0
-10 -24 -19 0
-36 4 34 25 0
26 25 -16 27 -1 0
3 19 30 11 0
-22 17 34 38 -39 0
35 10 36 -28 26 0
37 20 -26 26 -39 0
32 -38 -2 0
6 31 21 0
2 15 0
34 -6 0
-29 -12 -17 9 0
38 19 -9 0
8 36 35 0
8 29 -31 0
6 -34 -1 0
4 -39 -7 -21 29 0
4 31 14 -13 12 0
24 -19 6 0
-4 18 32 3 -23 -11 0
19 22 11 -15 0
-38 -5 25 0
28 -36 28 0
38 4 7 0
-27 -3 20 -6 4 0
-29 2 -30 0
3 -26 30 -4 -13 0
31 -3 13 -24 -23 23 0
-19 20 -39 0
3 2 0
4 36 22 0
-38 -15 -34 24 11 0
-26 -38 -33 0
7 -12 4 -25 0
38 33 17 29 0
18 -13 -12 0
25 10 0
-4 -7 0
39 -32 13 1 -19 0
24 -29 -8 -25 0
3 4 -35 0
-21 28 8 0
13 -28 8 0
13 -10 8 0
-15 -23 9 -21 -30 -21 0
-18 39 -21 -20 -4 0
24 -6 11 0
28 23 8 0
-29 26 0
-37 17 -9 -34 0
-27 -17 -20 -2 -38 36 0
-5 34 -13 8 12 0
-19 -38 -3 -20 0
-35 37 -23 -11 31 0
-24 -8 13 0
-20 -12 21 31 0
21 16 -24 0
-6 34 7 0
3 17 -35 -25 0
14 30 0
-29 3 -33 -37 33 7 0
-29 -17 -21 34 20 2 0
33 -36 6 -2 31 0
-10 3 0
37 38 -33 12 18 0
-31 -28 28 -25 4 24 0
1 -7 26 23 0
-25 34 -3 0
-9 34 -13 11 3 0
31 -27 33 -6 0
2 -27 -21 -2 0
-17 -6 -13 -35 26 0
39 -27 -22 -24 -23 0
-31 -35 6 -11 -37 0
32 24 0
-36 -23 11 27 16 0