c
c start with comments
c
p cnf 40 118
39 -31 7 9 0
19 11 -34 -20 0
-16 16 35 -5 -27 0
-13 -12 7 33 23 2 0
-12 -20 38 36 0
34 24 11 17 -11 0
-24 28 33 36 20 0
26 39 -39 0
-15 19 -6 21 0
38 -33 -3 21 4 0
-14 3 24 -29 -20 0
-16 14 36 0
-35 -24 0
17 9 -29 -31 0
17 -26 23 37 0
1 -22 -39 0
27 -18 -13 -3 22 0
3 4 0
7 26 24 -21 0
7 15 0
29 10 -19 -4 -22 16 0
19 -8 17 -40 0
-9 -26 -6 -40 0
24 13 5 -1 0
-28 -15 -18 21 0
17 18 33 0
31 -34 -29 5 -4 0
10 35 -17 0
12 -22 -18 -4 0
-8 -13 -7 39 14 0
-14 -20 25 11 0
-3 -23 -35 0
-34 -16 9 -25 0
24 -19 -27 0
-23 40 -13 -10 26 0
30 -27 -36 5 0
-14 21 12 0
-20 15 0
-35 -26 -21 0
-35 7 -33 0
39 -31 18 26 0
-14 -22 11 0
-22 -2 -29 0
13 34 -34 -10 20 0
-26 -37 -23 -12 0
-10 -13 -33 0
5 13 31 -1 0
-2 -30 30 0
31 -39 -24 36 0
-27 25 13 -32 -28 0
-25 -10 0
-21 5 39 0
15 34 -14 -29 11 21 0
30 -35 35 -13 0
-4 10 39 32 0
-10 -6 -16 0
-27 26 -29 -4 29 -34 0
23 3 2 14 0
35 -39 22 -4 15 0
-10 -17 10 12 -35 0
31 -33 -5 0
-28 -37 -2 3 0
-28 -27 36 0
-7 -37 34 21 12 0
13 -19 0
-10 29 -7 -4 14 0
27 31 -3 28 0
-10 -24 -17 19 8 0
33 -17 -39 -28 0
-7 27 -28 -35 16 -10 0
20 -12 -16 0
16 -11 8 -38 38 15 0
-6 32 0
-13 24 34 -20 0
-9 -10 5 -30 -29 -38 0
-35 2 -30 0
-24 -13 10 5 -16 0
-26 32 10 -18 5 0
23 -17 0
-21 34 38 -39 0
11 32 26 3 0
-32 -27 2 -10 0
-4 34 -31 -9 35 -17 0
5 8 -21 -30 -1 0
-27 -36 19 37 -5 0
5 -20 19 0
-8 -10 13 -10 -25 0
-14 -2 -39 0
-38 27 -19 0
-22 31 0
-26 25 17 33 0
20 -20 30 0
21 38 -34 -6 38 0
-14 15 33 -12 34 0
39 16 0
35 -37 25 18 -3 0
19 -29 -4 0
3 7 24 5 -3 0
11 4 24 26 0
16 22 0
-37 36 -1 0
-34 -11 5 27 -4 0
-11 -26 -26 -14 0
-4 -38 21 0
33 -22 9 -7 -23 0
2 23 7 0
-32 16 -19 0
-24 -6 16 0
-15 -15 -2 -22 -18 0
10 26 40 0
4 -7 -24 -25 -21 -35 0
28 29 29 -13 0
-16 -39 0
-15 -15 1 0
-26 30 20 0
-16 31 -29 -34 9 0
-20 23 17 1 -15 0
-30 35 -5 -10 0