c
c start with comments
c
p cnf 64 345
-22 -59 13 -28 0
19 40 -39 -50 0
21 5 -51 0
13 23 -40 -43 40 0
31 -6 0
29 -46 -64 55 -43 0
39 19 0
33 10 0
-40 63 30 -31 27 12 0
-7 20 -30 0
-13 -10 -27 49 0
-7 12 -18 62 0
32 54 -10 0
56 29 49 -6 -22 48 0
-37 -36 14 -21 47 0
17 2 43 -64 -12 40 0
53 56 19 -37 -47 13 0
45 27 7 27 -8 0
-15 51 -53 43 -37 0
37 -27 -48 0
-27 -38 -51 -19 -19 35 0
-47 -46 45 0
-52 63 45 -13 -42 -3 0
21 -32 49 0
-17 64 -10 5 -16 0
-16 57 60 -11 0
-20 -23 20 0
2 -15 52 -23 36 0
-20 37 49 9 -7 0
29 -63 5 -40 17 0
40 -62 -16 0
-55 39 31 0
20 -50 -50 -50 0
19 -24 63 0
-55 -13 0
-10 45 47 16 0
53 16 33 -14 43 53 0
62 -19 40 -44 0
-30 -22 7 0
22 8 0
-25 -39 -44 0
-17 60 -46 26 -41 0
11 42 -12 -4 56 0
-64 -13 -35 -40 -58 0
-24 -36 0
-10 63 -42 -31 -55 -49 0
-6 -11 26 11 -46 0
41 -55 -38 47 0
3 8 -9 36 3 0
51 -36 46 -32 0
-59 25 37 53 0
-17 21 0
-5 -35 -64 21 0
-18 -45 6 0
57 5 20 51 0
50 -8 -16 0
34 -18 -37 4 5 19 0
-50 -62 0
-4 36 59 0
44 -49 -45 -44 0
28 -5 -49 0
45 47 10 0
-61 -26 -62 -61 0
-23 -49 -31 -22 -57 0
-46 -11 -62 0
-55 29 -20 23 -40 15 0
-38 58 0
-40 59 -3 -21 0
19 6 0
-50 41 15 -8 51 0
3 28 -44 -39 14 0
13 -20 48 0
-20 -50 31 0
-40 51 31 45 42 0
-50 -48 61 42 0
-48 -59 38 13 59 -38 0
57 -50 0
25 -51 -41 -38 -48 63 0
4 -9 56 0
52 63 -56 45 39 -51 0
-29 48 -24 -49 43 0
47 -55 -38 0
62 57 11 18 0
34 18 -37 -42 42 0
10 -49 -19 50 32 0
15 20 32 -21 11 -16 0
-47 -8 0
-22 -17 50 0
62 26 39 -12 9 0
30 -46 1 15 -35 0
-6 10 -54 47 -43 0
-37 -33 49 0
28 -36 44 26 -4 -26 0
-51 40 52 20 0
54 -32 -21 30 -26 0
-37 -31 16 -51 2 0
-19 -49 -21 52 0
-41 -4 52 0
9 -24 -28 32 0
-49 -24 56 0
-16 -54 25 46 63 0
48 -34 18 3 -8 -37 0
-46 32 -33 2 5 59 0
24 47 -48 -2 0
37 37 40 49 24 58 0
16 -58 -2 0
-63 36 -12 -6 0
30 11 5 -58 0
-19 17 59 20 0
-2 11 -6 0
59 -58 56 21 0
60 -40 0
23 51 11 18 20 0
25 -25 23 -16 -54 0
-45 -6 44 -26 0
-26 -52 41 0
57 -29 7 -14 0
-52 -10 -33 0
-49 -15 17 -44 0
-3 -3 -14 0
39 -8 64 -24 62 -21 0
-14 -34 0
11 34 51 -42 0
52 10 10 14 -33 0
-17 -4 30 -63 18 0
46 63 -35 -23 28 -49 0
-37 28 4 -26 63 0
-6 -46 -39 0
2 27 10 0
52 -56 52 -53 48 0
-62 -3 3 19 -2 0
-7 -35 35 0
39 -9 0
45 38 52 0
49 -33 37 -50 63 0
22 -28 62 24 28 0
-53 -53 -29 -12 0
-17 -57 -2 -31 33 0
-18 45 -58 -12 -2 -47 0
-20 61 -50 -6 0
57 62 32 51 3 0
13 -39 0
19 60 0
9 32 60 0
21 -50 32 -33 -38 0
42 -49 0
14 -52 64 32 -45 0
56 49 44 3 0
32 11 0
-31 37 -7 0
33 -8 -29 30 0
19 48 0
25 -45 53 -60 -20 0
-44 -6 -18 -57 -34 0
61 -16 -19 0
-34 19 11 -35 -56 0
37 -43 49 -48 43 -43 0
18 30 61 -58 -26 0
27 33 -16 -33 32 4 0
17 14 -40 -13 -3 0
-2 -59 14 47 51 0
59 -50 0
-19 50 46 -35 2 0
23 30 -6 -25 0
-18 23 26 63 0
-27 -42 -29 0
13 -11 40 0
-40 -40 -57 52 0
45 12 51 4 22 25 0
-57 16 41 -43 -11 0
14 42 32 -62 42 43 0
15 -10 -10 56 33 -56 0
51 40 -28 31 39 23 0
32 -14 31 47 20 0
9 -44 -50 0
14 40 51 9 0
63 -8 -11 0
5 -28 -55 59 0
35 50 29 0
63 -29 -3 14 27 62 0
-36 5 2 -24 -45 7 0
-58 -23 0
32 60 0
-36 -48 47 0
-58 58 -19 -13 -33 44 0
-4 57 34 -16 22 -55 0
19 -31 21 0
3 -33 0
-56 47 3 0
-10 2 -13 0
41 -63 56 -40 0
39 -41 8 -45 -58 -10 0
54 43 7 35 0
-61 -18 -47 -54 -56 0
-4 -6 -60 -17 -11 0
26 63 -14 61 0
-4 36 -21 -62 -45 0
63 -30 60 0
14 -22 -8 -18 0
-7 -36 63 0
26 23 29 -55 -31 0
13 18 31 0
-38 -26 -1 -50 -42 0
-47 30 -29 36 0
-23 42 0
24 14 -29 -10 -39 -44 0
-15 -35 58 39 0
-62 -62 -15 -12 0
-12 -28 0
-23 -12 44 -14 0
-4 -53 -35 0
-10 -43 0
33 2 -51 0
34 -55 -21 0
13 -36 -43 0
1 11 9 42 0
-54 -17 12 0
58 -61 57 0
6 21 39 -61 0
-7 52 50 -32 -32 0
-24 -14 -41 19 0
29 54 39 -51 0
-9 -9 -15 49 -41 0
50 -29 0
43 -36 17 0
14 -53 63 -17 25 0
54 -4 -60 37 0
12 41 63 -44 54 0
58 59 -35 0
-20 -58 -39 0
-5 -37 63 0
-14 56 36 26 11 31 0
23 -53 0
-47 -20 -55 0
55 43 34 0
-47 50 -31 30 61 -36 0
-53 3 -62 -9 0
-15 48 -48 18 52 0
-57 63 55 -56 -41 0
-39 44 7 0
-60 -33 -55 30 0
10 7 47 42 0
51 -2 43 0
-58 35 61 -59 -57 0
-8 -44 57 0
-50 -59 -17 0
38 64 50 57 -59 0
-64 7 -59 0
9 9 3 59 2 4 0
-33 -2 13 0
27 57 0
47 -44 -16 26 -51 25 0
54 3 0
8 28 -47 0
47 27 10 36 0
-9 -63 6 -60 39 10 0
-25 -48 34 22 28 0
24 -54 -12 0
38 -41 -19 -11 33 0
37 19 3 -38 61 -42 0
39 46 12 -30 52 0
-44 -40 0
-25 -8 1 0
-3 4 42 38 0
53 -37 45 31 -39 0
-6 34 -25 -5 52 18 0
7 -15 16 43 2 0
11 38 23 -53 0
25 -50 39 -9 39 0
27 55 53 -13 8 0
7 -24 4 -26 0
19 13 0
-3 -38 -35 0
-53 25 10 -25 0
14 -55 17 0
-55 43 28 0
24 -43 -61 -6 10 0
58 12 -44 52 -49 0
38 38 -2 39 -59 -8 0
-6 -46 10 16 0
-33 5 0
-49 -3 0
-13 54 3 -34 0
61 13 20 10 -35 0
-46 -44 -17 53 63 0
-50 61 59 43 0
41 -56 44 0
-4 16 -4 46 0
22 1 13 53 0
-41 -56 -54 35 -30 0
61 32 -39 0
39 -59 -41 0
-17 27 -54 23 0
5 -63 -20 36 44 -60 0
54 -52 48 -35 0
5 -30 -58 -55 62 0
57 6 5 -41 0
-23 45 55 0
-46 56 17 15 0
-39 46 33 -15 -48 0
-45 -13 0
-54 27 -12 -34 50 0
23 43 -56 0
21 -17 -33 -41 0
-44 -32 0
47 34 -41 39 -39 0
-52 20 -13 -38 0
-11 -57 0
-62 20 -52 0
-46 -54 -15 -8 0
-10 -12 36 -14 13 0
31 -50 0
-62 19 -10 0
50 -55 31 -61 59 0
13 -39 61 -34 0
-52 47 51 -41 44 0
-8 -52 42 0
-29 -63 55 -53 -37 0
46 -21 11 0
28 17 -18 -44 0
7 -62 0
26 34 5 6 0
34 -42 41 0
-8 21 32 0
-64 -48 31 0
-52 -35 0
-28 50 -47 57 0
31 17 -56 50 16 0
38 -37 0
-50 -64 0
-11 30 -8 0
-6 -34 -12 -5 0
63 34 -25 -41 0
45 15 -46 25 0
9 -58 -40 -28 -48 0
29 -40 20 16 0
-34 -47 -34 -48 52 0
35 36 43 -3 0
-38 34 31 -14 0
56 24 26 37 -16 -7 0
-53 -42 -10 0
17 -36 34 19 -39 27 0
44 -64 -11 0
-53 9 38 26 -60 0
-25 28 0