c
c start with comments
c
p cnf 38 82
5 19 -25 -30 0
-31 -8 -23 -12 26 0
-15 -9 13 -15 -13 -2 0
4 -22 4 0
-21 -28 13 0
-13 -24 0
2 37 -3 0
29 24 5 0
33 -26 -22 -7 0
-8 -4 4 -9 0
-21 29 -37 5 0
34 28 19 26 0
2 -7 -11 -35 22 0
25 -33 -26 10 8 -4 0
-19 14 -28 -8 22 0
-19 25 -1 29 -23 0
-9 -17 -7 24 -16 0
-25 -31 25 -8 0
9 14 36 38 0
2 25 -29 -23 -17 0
-16 -15 18 0
9 -2 0
16 -5 22 0
16 -12 0
-11 20 22 -17 -25 0
-37 -27 -33 0
31 9 0
8 18 -2 -31 13 0
-19 -30 0
23 8 -21 20 0
-5 -27 -20 0
-15 10 21 -4 34 -34 0
-12 15 -34 0
-5 33 8 6 19 0
-10 -15 -35 27 22 -5 0
-16 36 4 10 -10 0
-10 23 -21 0
-32 -32 18 -16 0
17 -22 -21 -22 0
21 24 -9 0
35 -19 9 17 -37 0
-36 23 0
35 16 -35 -34 -12 0
18 -15 0
35 11 -25 -17 -11 20 0
-30 -37 -30 -34 0
23 24 15 15 0
8 33 27 17 0
3 -10 0
-13 -34 -1 0
-10 -23 -5 -37 0
21 13 -37 -21 -34 0
20 2 -20 25 0
-7 18 -25 -26 0
33 18 -7 0
-30 -30 -12 -19 -30 -25 0
13 13 0
-2 -15 -36 -13 27 0
-6 -8 -30 0
5 -27 -1 -26 -15 0
-33 -7 -26 0
2 28 -9 10 -34 0
-23 -38 -11 0
-38 16 13 15 0
12 37 -32 0
29 12 -32 -12 0
-18 6 38 31 -5 0
-23 -36 -7 0
13 29 8 0
-37 -33 -15 30 0
10 22 4 -9 -31 0
-2 2 15 19 26 0
2 -12 4 22 12 0
15 22 8 0
7 14 22 -29 0
-17 27 15 0
-28 15 16 0
30 -12 16 -35 5 14 0
-9 26 6 0
37 -4 0
10 -17 35 16 0
-2 25 -30 0