c
c start with comments
c
p cnf 80 337
-66 -72 67 0
-22 65 67 0
-62 -31 43 -41 -62 0
-62 53 -55 -63 -45 -47 0
20 39 59 58 0
78 -22 -50 0
-74 -40 -65 21 0
-66 -76 62 0
60 63 0
-7 50 53 -22 -18 0
-17 70 -74 0
46 -19 0
35 -54 26 33 -49 58 0
3 19 -43 15 0
44 -47 58 0
26 17 -27 -7 -45 -70 0
-29 48 -78 -28 0
-23 49 -5 -35 0
75 15 54 0
-32 -60 35 0
40 -32 -68 20 -50 -22 0
77 -6 44 51 0
71 8 0
75 -59 -61 0
52 -58 53 0
27 10 -37 0
-30 -79 -12 0
-38 -38 44 0
-34 75 11 0
-44 -58 63 -55 22 0
-76 -74 -33 0
24 54 60 0
-38 36 19 0
-50 51 0
-57 -30 18 -75 -50 0
-4 68 16 -47 51 0
-18 14 -4 -1 -14 0
23 67 -77 -33 80 0
-12 -55 -28 -50 -43 0
62 -35 -60 -25 0
40 -21 65 0
77 52 69 63 -4 -44 0
-21 -40 -35 37 -74 0
75 37 -41 -31 0
-31 -17 -72 -78 43 6 0
44 -33 30 -44 0
25 -46 -14 10 0
52 -24 51 0
-69 -28 3 -16 0
-60 -31 -5 11 0
54 68 63 78 56 0
65 35 -21 0
-14 -59 43 -78 50 11 0
-12 -40 -59 0
73 57 -46 -79 65 0
62 30 0
-15 -1 31 35 -70 0
-31 30 72 70 0
-56 60 77 64 0
-42 62 33 46 0
10 19 9 49 0
-62 61 -2 21 0
-69 24 -60 -62 -12 0
-3 -4 -78 -61 -5 0
8 -36 57 0
-51 42 39 64 35 0
55 -7 30 -46 0
17 20 -34 0
-68 -27 36 18 0
-57 76 -5 0
-9 49 58 40 0
8 64 39 7 -68 0
29 30 -58 -59 2 70 0
5 -21 38 0
38 64 0
-31 8 69 -12 76 0
9 -16 -60 -24 0
-74 -3 34 43 -54 -79 0
53 -18 -36 -60 0
49 -15 -38 0
75 27 18 -39 37 0
-33 -68 45 -53 -45 0
-25 -41 -73 0
59 -36 0
71 42 -44 20 0
60 67 0
-33 38 0
55 -55 -14 19 0
53 -64 -7 -32 8 0
-70 -74 0
-49 -34 57 -13 -58 0
32 75 -6 0
19 45 69 -11 0
73 -47 -49 0
47 -8 18 45 59 -20 0
-55 -56 34 42 0
-30 78 0
65 1 48 -49 0
-27 28 77 0
6 6 -66 39 -71 0
5 -30 56 0
13 -53 -63 -44 0
51 -3 15 52 -11 0
1 38 39 0
-13 -71 0
9 -36 -64 71 0
49 -68 71 55 18 0
-41 -55 25 20 -79 0
-32 -15 0
62 66 -10 0
38 -46 0
-38 -24 -54 39 3 0
-21 -69 0
19 37 14 -52 -33 0
2 12 13 -70 -27 -60 0
37 46 26 34 0
-77 -58 -75 42 0
-38 -44 -8 0
-73 -61 -51 0
23 3 -52 17 36 -37 0
76 -27 -70 -34 18 0
-59 -29 13 31 54 0
-58 14 46 20 0
-35 -11 -54 64 -28 25 0
-72 40 71 30 0
5 -56 -53 0
-56 54 -51 -37 0
-50 -62 52 -35 0
46 -3 42 54 0
65 44 -22 20 39 0
60 80 -5 0
-71 28 -32 -2 0
65 79 -5 60 0
14 35 -52 -4 56 0
11 -62 -53 0
-9 -16 0
49 29 10 13 -50 0
-77 10 51 0
62 77 0
-61 -33 -51 10 0
26 -53 -6 0
60 -16 -60 0
-8 60 -22 -11 47 17 0
56 -3 0
-30 -18 53 -61 0
-71 -56 51 -39 -37 -31 0
9 45 0
55 46 49 16 42 39 0
-18 -48 -77 5 -13 34 0
-53 -34 -54 49 49 66 0
78 20 -32 51 0
18 -69 27 22 55 0
60 73 -44 0
-36 -49 42 0
28 12 -45 0
53 46 -64 0
-76 27 23 0
-7 -37 -52 67 0
-60 9 -31 38 -59 0
-12 77 38 0
-22 -61 -9 0
77 -47 10 0
-32 -57 -46 -16 58 0
-40 -48 -50 -36 -69 0
4 58 -10 -24 61 79 0
-19 -39 9 -24 0
-15 -35 -56 0
-33 -61 63 15 0
66 -46 0
-25 73 6 14 -59 41 0
45 77 11 -16 -3 0
-50 37 0
-66 -71 0
6 22 21 -3 58 34 0
39 23 -61 4 0
12 2 -28 -36 50 57 0
-18 -16 0
39 58 -74 0
32 7 -15 14 0
47 -14 71 -22 0
47 -32 48 51 0
-15 -56 -16 38 -25 0
-67 -80 52 63 71 0
54 8 -39 11 -52 0
-41 -71 -51 0
64 31 -72 -79 0
73 -23 0
-27 -39 25 -56 18 0
45 -37 -49 16 0
-17 37 0
-58 -11 -17 0
-8 17 23 51 -67 73 0
-33 -43 -60 79 28 -20 0
-26 -11 8 0
-2 -46 55 0
-66 51 -28 34 0
55 -38 23 -63 0
40 45 0
-66 -62 45 71 -9 0
4 -71 40 -49 0
-47 38 75 -23 0
-5 45 35 79 0
-79 50 63 -69 0
-28 42 -48 22 -72 0
59 60 30 0
-27 78 51 25 8 0
-67 -48 58 52 -6 0
-25 -61 0
-23 -78 -13 -70 45 0
-59 64 38 0
-36 44 -35 0
-47 63 0
12 -70 63 61 0
-10 -5 -1 0
-64 29 61 -8 0
-15 29 -55 73 0
75 -58 -52 -39 -65 -39 0
41 1 7 0
-20 70 -24 0
-51 -23 -72 -30 0
-45 45 40 22 0
5 -38 -43 -31 50 0
38 -78 6 -2 0
-1 -32 -56 0
5 -44 71 19 0
-27 -53 -70 0
74 -55 55 -57 0
-53 -55 -72 39 0
45 46 0
36 15 -47 0
54 21 0
16 69 11 53 0
-31 -77 -45 0
74 58 -10 0
-54 67 -8 -77 71 0
-38 -42 37 71 0
21 60 61 -80 0
-54 57 -21 9 65 0
-17 -71 25 14 9 0
-21 6 -33 55 56 0
24 -4 6 -39 0
-66 37 -21 40 18 0
-50 76 -71 0
1 -61 -75 -55 0
-39 -66 0
-4 19 22 60 0
-7 -65 -5 39 23 0
13 -32 -29 59 5 0
16 -42 45 -20 0
-6 -75 23 0
1 69 -62 0
-70 66 0
30 15 37 -78 0
4 -76 58 -17 44 0
-56 80 5 -29 54 0
32 -56 60 -27 -5 0
76 -66 70 23 -45 73 0
61 46 -18 46 57 0
66 13 0
-78 -63 -40 0
11 41 -35 59 0
6 -63 -66 48 38 5 0
69 50 56 -45 28 0
-30 19 47 -41 12 -35 0
59 44 64 0
50 -40 -63 65 0
-41 -7 -41 0
-18 -23 -22 -47 0
-44 43 -16 0
76 45 -1 0
16 -28 -52 0
7 -59 -70 0
-54 -45 -23 0
29 -65 -36 14 0
57 51 -77 -17 -58 -47 0
60 -8 72 18 -46 45 0
69 79 -67 -19 -4 0
-64 21 -58 0
58 -35 5 7 23 0
25 -64 -39 0
19 19 4 32 21 65 0
29 47 13 0
24 -3 -50 -71 0
-21 57 -39 -79 -55 -64 0
-13 13 40 34 -20 0
-67 57 -29 -59 0
76 -37 -40 -10 0
66 30 19 0
-45 -23 64 0
-78 -61 -74 -34 59 0
39 19 0
29 -57 0
-71 -21 26 0
22 10 -59 15 0
-50 28 -42 -70 0
71 24 -39 0
-51 3 46 -30 35 0
77 47 -60 -1 0
57 -34 58 -75 -2 0
29 -18 -41 3 0
31 29 73 0
63 52 4 0
-11 29 11 39 0
38 27 -38 -24 0
-14 -11 12 50 0
-72 -50 -7 -30 0
-77 -2 4 0
-22 3 19 0
50 27 28 74 -70 0
-75 -58 0
30 56 0
-73 -64 78 -55 0
21 71 49 -45 -70 0
-73 -13 -59 0
52 -23 17 -1 -6 0
-50 31 -4 0
25 -2 72 -21 -52 0
68 -65 11 -19 0
-3 67 -21 24 0
52 6 68 0
21 -66 0
42 -27 -45 0
37 -48 -24 -6 0
-9 34 35 -66 -57 -76 0
78 57 60 0
27 -44 31 4 0
-22 -12 36 0
70 72 -15 72 0
-38 -67 -13 -77 0
-52 -80 19 28 -15 0
-48 -64 8 0
59 -57 17 15 0
33 -24 -49 -28 43 0
72 -17 -58 45 42 0
74 23 0
11 -14 0
-53 48 62 66 -46 0