c
c start with comments
c
p cnf 30 110
-10 21 -18 0
-21 -8 16 11 -26 0
5 -8 0
-24 -16 -21 0
-20 11 8 0
-8 22 -13 -10 -17 0
-12 20 0
-5 -17 9 -6 -3 0
-11 8 17 6 22 -7 0
22 2 -15 9 -26 0
-3 -16 3 20 9 0
-29 -29 17 -15 -6 0
15 -26 4 0
-13 4 0
18 13 -24 0
16 -13 24 0
19 21 17 8 -14 0
8 17 6 14 -28 7 0
-19 29 -15 -11 0
12 -30 -17 -25 -4 0
18 3 3 23 0
-19 23 21 0
-12 18 -29 -16 -9 0
18 -2 -29 0
-3 -24 -24 -26 -18 0
24 -29 13 22 -8 -4 0
-16 -27 5 23 -1 0
-12 -10 9 0
-1 28 13 0
-30 -20 -26 -23 0
20 2 -29 0
-20 22 0
-18 13 -3 0
-8 -3 24 0
-26 3 -3 0
15 -10 28 -19 0
12 14 24 -8 0
-29 -10 -12 0
-27 -6 -4 0
9 -2 -15 0
14 -11 18 -15 0
-14 -21 24 13 -21 0
-26 10 -22 26 0
9 -16 -19 -3 -8 0
20 -24 3 -2 -25 0
26 -9 0
7 -3 26 0
-26 14 -7 0
18 14 -21 -15 4 0
28 -10 27 -15 0
-27 -1 -13 5 0
19 -1 -29 -14 9 0
25 5 -11 11 0
20 -17 -18 -8 0
18 9 -15 0
24 20 22 29 -19 -6 0
24 17 -17 30 0
-18 6 19 0
19 20 15 0
22 -28 -4 0
12 -29 10 0
8 -19 -23 8 0
27 15 -6 0
-24 -14 -28 23 -17 0
4 5 -14 20 -16 0
23 -5 8 -23 0
-6 -24 6 12 -20 0
23 19 13 0
-21 -10 22 -11 0
-12 18 6 0
13 -4 -19 -15 0
18 9 26 -22 -18 -28 0
-22 -16 13 0
2 -20 21 -26 13 -13 0
-20 25 0
25 -2 -3 -15 0
9 -14 -9 0
24 5 -11 0
-12 22 -20 0
25 -27 -11 9 19 -21 0
11 -20 -14 -28 28 0
29 10 -14 0
26 -28 -3 -24 9 12 0
6 17 21 0
-5 16 -13 6 0
-13 -18 -15 24 -26 0
4 -14 8 13 -8 -8 0
10 1 4 -29 8 0
21 6 -20 23 -26 -25 0
27 -12 -15 0
8 -19 29 0
-23 -11 13 18 14 18 0
7 -15 20 11 3 30 0
19 -8 22 -19 13 0
-2 -9 -29 18 29 0
11 10 28 6 7 -24 0
-11 -16 -27 0
-27 1 10 -14 0
-23 24 17 -10 -21 0
-5 -22 2 0
21 -11 -28 29 5 0
-19 -22 15 29 11 6 0
-22 15 -6 28 0
30 10 -24 -9 0
30 12 22 4 0
6 -23 14 29 -12 -20 0
-22 11 8 -4 0
-18 -27 4 22 0
-18 8 27 30 0
-27 -16 25 26 0