c
c start with comments
c
p cnf 27 94
22 19 -4 0
-27 7 -3 -23 10 3 0
-3 -21 -14 8 0
-6 25 -2 19 0
-27 -20 0
12 -6 26 14 -12 0
-18 -17 8 14 8 0
18 15 0
-11 2 -14 -2 -5 -9 0
7 -27 0
-23 1 -4 -12 9 0
-16 -4 12 0
13 16 4 -7 20 0
4 -25 -1 13 0
22 15 0
-15 16 -3 16 0
22 26 -7 0
-24 10 -23 24 9 0
-5 26 5 8 8 0
-22 -17 3 -2 0
21 -14 -7 0
-21 19 -10 -7 0
-14 -11 -5 -2 0
2 11 -6 0
-9 4 -4 -26 0
26 -23 0
-8 21 -7 21 -23 0
8 -14 -20 0
22 -10 0
23 -2 0
-6 9 -11 -22 27 0
-26 -12 -16 0
-8 18 4 0
-18 -20 -23 -15 0
-20 -2 -25 -26 0
3 21 -5 0
14 3 -6 -20 7 0
-4 1 18 19 0
-12 8 16 0
5 14 -16 0
-4 10 -9 0
-4 3 8 0
5 16 -11 -16 0
-10 5 0
12 9 13 19 2 0
-27 -21 6 20 0
-10 -10 12 22 22 7 0
21 -15 -12 -11 -26 0
-22 -13 -17 0
-19 20 16 -16 0
20 -3 -20 19 0
9 -26 -9 -2 -2 0
-12 -15 10 -24 0
-3 -4 20 0
20 -12 -8 0
27 -22 -1 0
-13 -19 -2 0
-8 21 -18 -9 0
-20 17 -7 -25 -22 25 0
-7 14 17 0
-21 -16 8 1 0
-19 24 -27 8 -12 21 0
13 26 3 0
21 -20 10 20 9 7 0
17 18 22 8 0
-4 9 0
-15 -11 -4 -17 0
-26 -16 -5 22 22 0
4 -11 -9 2 6 0
15 21 26 21 -15 -23 0
-12 8 12 -25 2 20 0
-24 26 -14 0
-5 2 22 -11 0
-11 -3 1 22 -25 2 0
15 -24 3 -22 0
24 7 26 -26 0
13 -10 12 -7 7 0
-8 3 0
2 -22 -11 0
6 -21 9 0
-23 -18 25 22 0
22 24 -7 -16 -7 0
20 8 -16 22 0
5 -24 -4 0
-6 17 -6 3 -26 0
8 -1 -7 -19 -1 0
20 25 8 -27 14 0
9 4 5 26 9 0
-9 12 10 16 0
15 21 4 22 4 -3 0
7 17 -25 -3 -19 0
10 15 -16 -5 27 -8 0
-13 7 24 -21 0
-3 -17 -16 12 -9 0