c
c start with comments
c
p cnf 41 161
-4 -35 0
37 25 23 34 -9 0
-15 32 12 0
33 23 0
24 -16 25 7 0
11 -2 -25 -10 -35 0
-39 15 -8 27 -5 17 0
-25 -28 -20 0
-37 -36 -6 0
15 11 0
-20 -27 -19 -12 33 0
-36 -37 8 19 0
23 28 35 10 0
28 20 14 14 0
-25 29 -22 13 -36 0
-34 -40 19 -40 -31 -34 0
17 -39 39 0
-23 -4 16 38 -34 36 0
-14 5 39 -32 0
27 6 0
13 11 24 -26 0
-16 -38 -37 0
-5 -12 29 0
25 20 -1 -7 -4 0
5 25 -16 35 0
-25 -33 -26 35 0
-14 -27 2 -41 -11 0
-9 -32 6 25 -23 0
-15 -32 39 0
-19 -8 -23 -29 -29 0
-5 1 0
-26 26 28 0
20 -6 -9 0
3 7 39 -12 0
26 -20 28 0
30 -5 5 -17 -7 0
4 30 -12 0
4 32 38 -16 0
38 16 8 0
-26 -24 -19 36 -11 -27 0
-8 -12 30 11 0
-36 15 36 0
-13 7 -1 10 38 0
-14 30 16 0
-27 11 -10 -1 0
19 13 0
-18 -24 1 27 -8 0
-28 3 -23 -25 -24 0
-26 8 -35 0
11 37 0
11 -7 20 26 0
23 17 17 15 24 0
33 7 -6 0
38 36 -9 -31 0
4 26 -9 37 0
12 -10 22 -28 0
-22 20 -35 -11 -24 0
6 -18 -17 -14 0
14 -10 -24 0
-25 -19 35 0
-22 18 8 18 30 0
36 -16 -25 -18 21 32 0
34 24 5 0
3 -4 -7 39 0
17 -14 22 34 22 0
-31 9 12 0
-40 -14 -24 0
-36 1 -31 15 0
-6 -22 -1 23 0
-18 40 20 28 -10 0
8 17 35 18 -32 0
40 28 0
38 -24 -27 0
-23 -19 0
29 -28 -27 0
33 7 35 33 -15 0
-24 -36 -32 21 40 -14 0
36 -37 0
6 9 -2 33 0
-11 -7 0
2 -6 0
19 -35 31 2 11 -20 0
-38 25 16 14 0
-23 2 -2 -21 0
-36 31 -21 0
37 20 0
-22 20 -27 -33 37 0
39 -24 20 10 17 1 0
31 1 -34 0
-35 -34 -19 0
5 21 5 29 -41 6 0
31 -22 -5 9 -5 0
4 22 21 -41 10 -36 0
-18 22 26 -20 -9 -7 0
-11 -18 37 0
12 -27 -12 12 8 0
-11 13 19 -30 0
2 -24 15 -14 -10 -36 0
-30 -31 -20 0
-33 -8 8 22 -5 0
-13 25 13 9 -29 0
-35 2 -23 0
-15 13 -29 36 0
-28 -39 -4 0
32 -16 -41 -39 0
-39 -18 17 0
1 27 26 0
28 -18 17 0
-20 -20 -34 15 18 0
18 20 3 17 0
10 -5 -11 30 38 0
11 15 23 29 -22 0
-21 40 -2 -38 29 0
-6 -1 24 -33 0
-3 -25 26 -19 -16 -8 0
12 -21 19 20 0
-5 14 -35 0
3 -25 -24 0
3 -16 -5 0
-7 8 -5 0
22 20 -14 0
26 3 23 0
-5 -2 -9 0
22 -2 -20 24 37 40 0
20 41 2 -16 -6 0
37 -30 14 13 0
-6 -7 -1 0
-30 2 -19 0
-16 -12 4 18 40 0
28 -27 12 0
11 18 29 0
-21 28 23 34 -20 0
-35 -27 40 0
-37 -23 -40 -13 -30 23 0
15 -12 -26 0
-21 -8 -33 -25 23 0
2 -36 -23 0
-1 -18 -8 28 0
-17 -22 37 0
39 22 5 -13 -18 -9 0
-34 -32 0
-34 -38 -37 0
-9 -7 20 17 0
36 28 -13 3 -22 0
-38 -39 -24 12 -23 35 0
-9 33 30 -12 -1 -31 0
-19 -3 0
13 1 37 38 -27 0
37 -11 36 -35 0
11 -24 0
-6 -15 36 -16 5 0
-5 5 0
-20 -21 12 -37 25 0
8 37 -32 5 26 0
37 40 2 -5 -36 39 0
34 40 29 0
-19 -20 38 -30 -34 0
16 -40 -16 -11 0
36 22 0
37 14 0
-12 -22 14 10 40 0