c
c start with comments
c
p cnf 137 335
108 95 -7 28 73 0
-118 68 0
-77 117 133 101 -15 0
64 133 125 119 26 0
7 21 -18 -113 0
-125 -40 -42 36 98 -99 0
111 120 -60 -43 -10 0
84 133 131 -32 33 0
-111 44 98 -33 137 -103 0
100 69 -43 -35 133 0
-114 -122 -61 0
45 -3 -74 -2 51 0
34 -79 -104 0
101 120 0
59 -129 0
-51 -94 0
-4 30 -96 131 75 0
-119 70 -64 115 82 104 0
-99 -56 -39 -63 -45 34 0
112 -25 106 101 -19 129 0
-91 21 0
-61 -91 0
65 101 -73 -132 0
64 109 -92 132 -129 0
-31 -111 3 -69 -115 0
118 80 84 0
-114 18 9 -13 0
-53 27 73 -106 107 0
-88 42 -25 0
-63 70 -62 -110 49 0
87 122 17 -53 -121 -5 0
-40 -135 -10 0
-109 97 42 76 -101 0
-132 -16 0
-30 23 0
14 -57 -109 110 -73 0
103 -53 22 -137 0
-106 137 -67 25 46 -41 0
-39 42 -127 -45 -31 0
-24 88 -122 0
82 -43 0
133 -111 18 -101 0
79 -5 -83 0
60 -85 17 -59 -129 0
94 -77 -81 123 0
-60 38 120 -31 43 0
-38 -126 0
-71 31 124 114 0
-131 -35 31 -24 0
24 -6 -52 75 0
-114 -54 -78 -51 0
-108 -124 33 -70 0
10 -45 38 110 -68 0
59 105 -127 46 106 0
-61 22 19 0
-85 -118 51 0
61 -52 136 -44 0
131 107 92 0
78 108 0
-20 67 47 -25 0
136 -73 -130 -36 28 0
-23 5 -58 -39 -97 -12 0
-72 117 3 0
-53 -109 80 24 114 -29 0
127 32 -115 0
-105 6 32 -103 5 -17 0
-102 -116 124 136 0
-83 88 -26 0
109 -117 -134 0
74 22 127 54 -75 -4 0
107 -23 42 117 85 0
137 -54 13 44 0
-105 -67 0
45 120 11 49 0
-6 86 -110 97 0
-129 71 -121 -58 0
96 7 -22 37 0
-24 -104 55 0
-136 10 -119 -39 0
-108 -119 131 0
101 -58 100 62 -104 0
-25 -80 -100 101 37 -9 0
85 -55 71 -107 -95 0
-18 -40 126 0
10 -82 -115 -122 0
86 124 67 -80 0
-14 -118 -54 91 -122 -7 0
38 -26 -31 101 0
22 92 117 129 0
-137 -76 109 0
-99 135 -38 0
-36 34 129 0
17 29 0
-51 60 0
-125 81 -17 1 -41 -51 0
2 39 -134 -132 0
48 96 0
128 -43 5 -23 0
85 -120 -113 -46 94 0
16 -109 0
122 32 -8 -98 20 0
-83 -33 -79 20 0
127 117 31 -80 -45 -90 0
96 -27 0
99 37 -67 62 76 0
-15 108 125 35 0
-124 -21 43 105 0
134 -129 37 136 0
-101 90 -82 -102 0
4 -87 -13 -76 0
-21 -45 -108 -72 134 0
-84 -30 -72 65 35 0
-86 55 85 0
132 -128 100 9 -76 0
77 -65 119 0
-129 26 74 -86 -63 -26 0
-102 59 -133 -33 0
-102 -41 26 0
-2 -122 -72 89 0
20 123 -2 -97 101 0
-88 29 68 114 -54 0
73 93 86 0
134 119 38 0
-51 -5 5 -47 0
9 -46 -94 118 72 0
54 45 -129 -82 0
6 -128 53 -133 -120 0
20 125 -131 42 0
33 -107 33 107 84 0
48 17 72 -60 -121 0
12 -132 121 16 80 -56 0
17 -131 15 43 124 0
-38 67 99 -122 0
-32 -17 101 19 0
3 32 21 0
-83 -25 -15 0
-128 128 0
-16 7 44 5 0
-49 -79 94 63 0
91 61 12 76 87 74 0
95 132 119 -16 128 0
-122 14 -76 -81 0
-122 16 62 -120 24 128 0
-130 69 -56 0
-108 79 -47 0
2 132 2 45 0
109 -47 61 -5 -100 0
5 -61 -52 0
-27 56 -70 -2 -64 0
-121 -18 119 0
23 -75 43 23 0
9 -66 -75 -95 25 -128 0
38 122 -21 0
63 -11 0
-119 -134 -4 -52 0
22 -6 -97 41 -13 135 0
87 123 -67 0
90 -8 0
81 126 -105 0
98 -81 -3 104 -114 0
47 -45 -22 0
78 3 -94 134 0
51 -8 105 116 0
-45 -91 0
13 -59 -123 134 0
-31 -54 -50 -43 -107 0
-7 75 3 -133 -53 -96 0
-40 -121 135 50 0
26 107 12 -66 -93 0
39 -16 -130 -101 -72 0
13 81 0
-72 34 -128 0
70 116 51 -71 67 0
-72 -77 -9 0
-132 -92 -113 0
55 -23 31 13 -38 -44 0
119 -101 -120 8 57 -52 0
25 4 -18 -84 0
-22 -83 112 0
52 101 0
-127 121 -21 -134 -70 -59 0
-57 112 26 3 18 0
69 -79 -9 115 78 0
55 115 135 -97 0
86 27 -11 55 128 0
-87 -114 23 -32 52 0
-51 -74 -24 7 0
-66 -63 -97 120 -15 0
-54 38 38 70 111 0
26 125 110 -104 0
15 130 41 -75 0
-87 46 59 0
102 -5 -99 0
109 130 -114 96 0
128 -42 92 -118 0
1 -24 -71 26 74 0
126 -97 -112 -126 0
5 -85 0
-110 16 -109 -32 -68 0
-123 -63 0
68 -116 -40 -23 -82 0
-136 -47 89 81 0
26 -132 0
110 137 95 0
24 -60 110 37 0
136 18 -69 0
5 -64 128 -32 0
48 -24 0
5 107 129 92 0
125 -41 54 125 0
-118 -100 61 -32 -105 47 0
13 -124 120 -42 0
83 35 88 0
119 55 -2 -36 126 0
39 19 -12 -100 -82 -3 0
-118 -131 97 -107 0
83 -113 136 26 0
26 -113 43 0
37 -120 -106 -50 69 0
7 45 29 22 0
-129 -81 86 -23 0
-34 125 134 0
-62 67 0
-14 17 -22 0
-50 -75 0
89 33 -2 118 52 64 0
-97 104 128 -111 -42 -53 0
73 115 -44 -100 -85 0
-98 90 16 3 -121 0
-84 102 71 -53 0
-81 55 107 -13 16 0
115 46 -132 -121 63 0
60 -1 -73 2 87 0
117 38 -27 -14 0
66 -100 0
-17 -70 21 0
-130 41 -56 58 59 0
113 -64 -133 -110 0
82 29 71 0
29 117 0
-83 8 -108 79 48 0
35 -9 6 0
112 75 -124 0
71 -89 0
-134 -46 28 82 0
40 -133 91 -33 63 0
-104 -59 0
-114 57 0
-6 22 98 -43 9 -41 0
78 -112 -86 114 -27 16 0
-124 113 0
-50 79 119 -17 0
-2 -61 -65 22 74 0
44 -136 74 -87 0
62 16 -44 0
-114 -96 -132 26 0
136 -78 26 65 0
74 -2 0
18 -98 74 101 -35 0
130 -110 67 -124 0
-26 -98 -108 -100 -2 0
-113 103 72 50 100 0
-119 -66 -89 0
12 53 135 0
-35 37 -114 86 -61 0
116 40 40 -7 124 0
66 -8 0
-44 62 -118 0
-66 -70 -80 -131 0
-72 -86 -24 76 -76 86 0
97 79 -44 17 0
80 -58 23 99 80 0
-66 -105 83 80 101 14 0
-122 11 -112 0
120 -39 -33 0
98 33 23 122 127 0
14 95 -65 43 -55 -101 0
9 84 60 0
8 19 -52 0
86 111 132 51 17 0
-31 -72 67 -89 0
95 102 -108 0
-105 -136 -115 100 -67 -117 0
49 68 67 96 0
-71 11 -34 0
53 8 26 -56 40 0
-2 107 40 0
-104 -97 30 41 -70 0
4 -60 49 0
-32 -86 -48 82 88 0
38 69 68 -8 95 0
54 53 -67 0
-110 -17 3 -98 -76 0
-60 97 -88 -52 -53 -49 0
2 23 -17 110 -125 0
51 -75 46 121 126 43 0
44 -56 -11 80 -10 0
34 17 0
92 -74 93 60 0
52 25 46 20 38 0
-94 -94 34 103 53 0
-1 39 -14 89 0
135 92 2 0
23 -51 0
-108 60 0
-130 89 74 -19 30 0
23 -19 -124 0
-87 9 94 -17 0
-135 -3 -85 0
-50 60 0
-88 -30 68 68 -83 0
-62 105 64 53 -37 0
107 -40 0
-36 -43 0
123 41 -31 110 -19 0
107 -120 10 28 0
47 99 132 65 94 0
96 62 104 -60 86 100 0
65 -94 -134 -10 0
47 130 43 0
73 13 40 6 0
122 24 116 0
31 -55 88 -91 -9 0
115 -129 133 -90 -67 -122 0
-112 -119 0
-71 -102 -102 -24 75 -25 0
-41 134 -86 0
-119 4 26 0
-67 -101 0
-56 -94 -9 0
75 -62 124 -118 -49 0
104 -124 -15 58 74 0
19 -35 -72 -8 -50 -78 0
-99 -21 126 12 -136 -29 0
96 86 17 -128 78 -110 0