c
c start with comments
c
p cnf 75 224
57 14 57 0
34 15 -29 -50 -44 0
7 -48 -3 -53 -9 0
4 68 0
-20 -42 18 0
-46 -71 -41 -68 -44 0
47 -74 9 -71 -54 -3 0
-7 -10 -60 -49 43 36 0
-19 -26 -59 35 0
-35 27 0
-11 44 0
41 -67 -59 0
-69 28 -13 0
13 -24 68 68 -27 0
-29 65 0
6 -37 7 -74 45 0
55 35 -57 44 0
40 -62 -52 0
41 -55 -68 0
-27 68 32 -47 -32 0
13 12 -66 -48 37 0
57 -39 -30 0
63 11 -64 -45 0
58 -22 0
60 -48 18 44 8 0
13 36 -35 37 3 47 0
-33 -18 6 -29 0
-65 53 -20 3 0
45 -20 0
11 13 -52 -27 0
-55 -66 -14 56 0
50 -47 40 55 0
-38 -2 28 -60 -38 20 0
27 56 -70 47 -70 0
-16 6 -44 72 0
21 38 75 -32 -48 36 0
52 13 70 53 0
-39 18 64 -44 73 30 0
3 63 0
63 -57 -19 0
66 -47 24 -42 57 0
-56 25 13 69 1 -24 0
51 40 -71 25 37 0
10 61 63 57 -56 0
-74 28 -40 0
55 62 -44 50 59 -11 0
7 17 49 -16 57 0
-18 44 -14 60 50 70 0
10 -42 -41 55 -49 0
40 -56 -40 0
71 -55 62 2 0
-10 -5 6 -36 47 0
43 -30 -23 0
-41 -4 -25 -2 -73 -54 0
8 -71 0
71 -1 -39 3 56 -47 0
-4 50 -34 0
15 69 13 13 0
11 -24 -22 0
52 52 69 56 0
13 -52 0
-8 -43 -35 -37 -40 63 0
43 -58 -59 0
-40 -39 63 -36 68 2 0
-62 10 -21 26 0
-39 -32 -63 -3 0
-11 -9 0
-33 -44 74 0
47 49 -24 73 -10 2 0
-15 53 -35 15 65 0
56 55 0
-58 63 -43 16 0
-23 -3 20 38 0
4 29 57 49 21 0
-14 -16 -38 0
49 -47 65 -40 0
-66 -19 26 0
-46 14 67 0
17 21 -39 -66 0
54 -61 68 39 -24 0
65 11 49 0
21 53 -54 -51 -18 0
-74 -11 -51 -19 0
18 -56 0
-16 63 -13 15 -35 17 0
13 -6 23 13 61 0
-4 -48 -61 50 0
-66 14 62 0
21 32 -43 0
-49 -3 -19 -70 0
-38 56 0
-7 -69 67 -13 0
57 2 -32 0
-53 12 -10 75 0
72 65 -72 -13 0
-69 25 63 -8 -7 -50 0
43 61 57 0
54 -40 -25 -66 -63 0
-23 74 -36 -2 0
58 50 -11 68 0
8 70 0
-20 34 -62 -27 0
-5 -42 13 -42 59 0
-7 29 -20 0
56 -53 -66 -34 67 0
-73 -35 -20 -23 0
12 8 -24 0
-40 10 -47 0
51 28 10 0
3 73 -30 46 -20 0
65 40 -21 41 0
-62 -30 44 -43 -13 0
52 59 46 0
26 -13 0
-28 58 49 -45 72 0
-32 39 -63 44 -72 -72 0
-16 29 0
-38 -65 0
-5 33 55 -27 0
-25 -10 0
47 -13 5 57 0
-9 5 45 0
-53 68 -72 0
25 8 28 0
-73 -33 13 -11 0
7 -57 -65 -11 12 0
3 15 -49 11 -32 0
25 -57 11 -57 -8 0
-6 2 14 18 -32 -63 0
-32 66 31 46 -47 -28 0
-13 37 16 -37 -39 0
-46 -57 54 20 0
24 -33 54 27 0
13 61 0
-18 -30 4 -14 69 13 0
-29 26 4 -7 0
-27 -14 9 0
14 26 -22 27 -13 10 0
-46 2 -58 -21 0
-61 67 63 0
-16 -66 -38 0
66 55 27 67 12 -52 0
41 29 -54 -43 -59 0
24 -14 -41 -28 -65 0
58 35 61 -61 14 0
-66 -53 -72 -3 -71 0
-35 -14 -45 -69 0
73 46 68 36 63 0
-51 -50 15 0
-35 -18 0
49 12 11 0
-11 64 -73 -54 0
23 55 27 48 0
20 -12 -7 -26 -33 -73 0
-44 -5 66 -70 -66 0
37 -14 0
-3 21 -16 -40 42 -3 0
3 28 -53 -8 -55 0
37 -53 12 33 0
-49 72 63 -71 -50 -75 0
67 64 26 0
-61 21 18 0
73 -66 -55 0
-42 -68 23 0
12 -71 -32 -61 0
-2 33 5 -53 -1 0
47 50 -19 0
-38 -55 12 34 0
-27 73 45 9 0
58 74 -21 0
27 4 5 52 0
23 -53 -31 70 -20 0
67 43 62 0
39 -74 10 -42 65 0
-22 -14 24 13 23 0
-15 -22 -9 70 0
-17 -55 22 0
-35 3 66 48 41 0
54 9 0
7 -49 7 -70 62 0
33 37 -5 58 -59 0
64 74 41 0
35 -33 -35 0
31 75 7 -74 44 0
37 -11 64 21 -34 13 0
-74 33 -3 20 0
-64 68 17 -16 44 0
-31 73 0
-66 5 -35 -47 -36 0
-28 -40 55 -52 0
50 54 43 9 39 7 0
44 -42 -6 60 -15 0
-39 69 -8 0
-53 -31 -58 0
-66 8 17 -8 0
7 25 44 0
-38 72 69 1 0
-49 -6 -47 -72 -71 0
63 -19 25 -6 0
32 54 -51 4 -32 0
-59 -10 74 0
74 55 70 0
55 34 20 -45 63 0
-24 -29 -65 0
-28 -34 -26 52 0
71 12 -30 0
73 -75 -24 -9 0
68 -65 -16 25 60 0
5 -61 1 0
-22 45 61 -51 0
26 56 49 23 0
-35 -6 52 5 8 0
38 -49 66 -53 21 0
-13 52 21 -73 39 32 0
7 67 -43 19 0
16 54 -12 49 0
57 55 34 -49 -34 0
-33 75 -7 67 0
21 -21 4 -63 57 0
-20 -21 0
-25 17 5 19 20 0
11 7 34 23 74 0
-63 -5 -67 41 0
-18 61 38 0