c
c start with comments
c
p cnf 50 173
48 -29 -2 16 0
-7 -13 -31 5 34 42 0
-10 14 -7 0
-13 -14 48 7 0
-27 -26 -46 -9 0
-31 47 0
43 -3 -26 0
-24 18 40 44 39 0
-9 6 -48 0
-25 -38 -43 -32 37 0
24 -19 -6 0
29 -15 0
-48 23 -30 0
-27 35 -40 0
4 -13 -7 -35 42 0
-42 -22 -10 -10 -2 0
2 17 23 0
1 18 13 0
38 44 33 23 -38 0
-46 1 9 -27 44 0
27 -4 -43 -35 -9 0
29 2 -8 0
-34 5 23 22 37 0
-20 19 45 35 -3 0
-9 -43 36 0
24 -40 26 -4 0
-36 6 30 0
-19 -21 0
-18 38 30 -14 49 0
-33 30 18 25 0
48 -41 25 0
-28 27 -24 -41 0
-29 32 49 48 33 0
36 -31 0
-21 -33 -7 -40 0
28 -42 24 -50 0
-14 4 -23 -42 29 0
24 4 19 49 3 -13 0
45 43 20 13 0
-42 29 -46 48 0
-28 4 -48 24 -36 0
-36 44 30 21 46 0
-23 33 4 -44 0
-17 38 19 0
-6 40 2 -43 -44 -13 0
41 33 25 24 0
44 -4 33 0
18 -47 0
-49 -6 24 0
-8 -46 -34 31 41 0
40 8 41 0
-41 17 -38 0
-17 11 17 -9 -28 0
38 2 -39 -30 0
-31 -11 -15 -28 4 44 0
21 36 34 33 0
-20 45 0
-37 -24 -34 -46 46 -18 0
18 23 -48 -41 0
19 -44 -29 40 -5 0
34 23 -44 0
48 5 -42 -33 47 0
-5 33 -34 2 40 0
-17 -4 -14 -44 0
-33 35 -14 0
-25 -25 38 -8 38 0
-13 -14 -46 -17 0
20 -27 6 -7 28 0
-12 -49 -16 16 -36 0
-44 42 -31 0
48 30 -4 0
-26 -16 24 0
-44 4 -35 -36 2 0
-50 -25 6 -41 -7 -3 0
-12 30 6 -25 0
3 -11 36 -36 -11 18 0
-44 -38 16 -9 8 0
43 -17 22 31 25 0
33 40 -19 12 0
25 15 -22 0
6 23 -40 -39 0
39 -47 0
9 43 -44 0
35 -6 42 -14 -18 0
-35 16 -23 -35 19 0
-38 47 -29 -49 -34 -6 0
-17 -20 3 -39 41 -38 0
2 17 11 9 0
12 -44 -15 27 30 0
3 31 38 -21 -48 0
24 49 -47 0
-17 -42 30 0
43 -16 18 18 -18 0
-7 15 40 48 45 0
-10 -28 19 -14 -39 0
19 -11 27 -10 10 0
44 -24 31 0
43 49 -2 0
49 -35 -40 32 49 0
41 35 37 25 0
-14 -8 -49 0
-19 16 23 -46 0
-29 -41 11 0
1 40 21 46 -32 0
3 -14 3 0
5 48 -26 16 0
44 10 -7 -23 -5 -1 0
-20 -40 -38 -37 0
50 -6 -44 -45 0
-22 -43 9 35 0
4 -6 -43 40 0
-4 -39 9 0
24 -7 -24 0
-6 12 -19 41 -28 -17 0
-30 47 43 -2 11 0
6 39 -43 -13 -20 0
2 35 29 0
8 19 -29 0
17 7 -4 0
-22 35 -44 24 0
28 -46 -37 -33 0
40 -19 -8 0
28 28 11 43 -34 0
-5 10 -24 0
-34 -43 0
31 -27 45 -27 36 -19 0
7 -17 17 0
-41 -32 0
24 -19 8 33 -2 -4 0
-37 23 39 -8 -19 -8 0
-37 44 0
8 -18 9 36 0
-44 -45 0
-11 -42 -42 -47 0
-7 -8 -15 36 0
5 -50 22 -38 0
-24 -44 21 0
-37 -19 -40 -22 0
-38 4 -26 -25 39 0
8 -28 31 -4 42 0
43 -11 24 0
2 6 4 -23 -44 8 0
26 11 -42 7 9 0
22 38 22 30 2 0
-49 -32 7 -9 -28 0
35 -7 28 -13 -9 0
10 10 16 22 0
26 -41 -4 -21 47 0
35 -32 -33 0
-30 -32 -8 49 0
-7 17 -47 -2 -40 0
13 43 35 -43 0
28 29 0
-11 16 18 -26 -25 0
41 -25 9 0
41 1 27 27 0
31 37 36 -23 33 0
30 37 -16 32 0
16 -4 -21 35 48 0
-47 -4 0
30 35 47 -17 0
-20 24 36 0
-39 23 -47 41 -48 31 0
-37 47 -28 2 -39 0
-5 -29 -12 46 10 0
11 -49 25 0
14 50 -25 -23 0
22 -49 41 -9 0
-1 -5 -20 29 0
-5 -34 23 0
-30 33 11 -34 31 0
30 6 -30 46 -12 0
-11 -28 17 0