c
c start with comments
c
p cnf 32 164
-13 18 0
10 5 -12 0
-29 -22 27 0
-12 -21 -14 -5 22 0
29 6 5 31 13 0
-24 -5 19 -14 0
-7 3 -16 3 9 0
25 12 32 0
-7 20 -29 -28 -27 0
-28 14 -8 15 -5 -23 0
-25 2 -17 27 -19 0
-8 -21 -29 24 -6 -22 0
-8 -11 -7 -2 -21 0
-29 6 24 0
-16 -19 -13 0
-22 -27 -25 -14 0
-18 -17 -29 0
16 6 12 0
11 -27 -24 0
-14 -9 16 26 0
-15 -12 10 16 4 0
-12 24 18 -6 14 26 0
-31 24 32 30 -8 10 0
-4 16 -11 -4 -10 0
10 -9 17 13 0
8 14 -10 0
-13 18 16 24 0
12 7 -5 -17 20 0
27 10 1 31 -26 0
14 -22 -24 0
-13 -13 -20 0
30 7 30 0
1 -23 -3 15 -28 0
-27 1 31 -25 3 22 0
-29 15 12 18 0
1 -28 30 -4 -9 0
-8 -3 9 26 -18 9 0
16 17 6 -11 0
29 14 -28 29 18 -8 0
-29 -28 -11 0
23 17 -1 8 0
-14 -22 18 -26 0
23 -29 -9 -30 0
26 -27 19 -20 0
-9 6 -32 0
9 2 -22 -10 28 -22 0
30 10 -26 -15 29 -19 0
19 -6 10 0
-30 -25 16 -3 0
-7 -4 21 0
-10 -17 -25 0
4 -6 7 25 6 0
-7 -32 -29 -5 0
1 25 -32 0
-28 17 14 26 0
10 -17 26 0
-32 10 15 11 0
-23 -15 12 -4 -13 0
-16 -20 18 -21 0
28 27 -11 0
-22 17 0
23 26 -15 25 -12 0
-5 32 15 15 0
-13 -7 -13 -14 0
9 25 30 0
-28 -7 -7 0
4 15 2 -19 -6 0
1 -3 0
14 11 23 4 -18 -8 0
-6 -30 12 -8 0
2 7 -27 -27 0
-23 -5 -9 -6 0
31 24 24 -26 0
-24 11 -3 -19 0
15 -15 -8 -1 -25 -6 0
-13 -6 5 -25 21 0
-16 -4 -13 4 -18 0
-22 2 29 20 7 0
20 -31 26 0
-19 3 13 0
19 25 -19 -32 -7 0
-23 14 31 27 0
-26 10 14 -19 -14 0
-20 30 29 21 6 -13 0
3 -3 14 -24 0
-5 19 -30 3 -21 0
-16 -32 22 -12 -10 -12 0
28 -10 -13 3 0
12 -5 12 0
-2 -13 -26 30 0
-17 -15 0
31 -19 13 -25 0
-7 29 -5 -5 0
-7 -5 -19 25 28 -8 0
-29 -8 -11 8 30 0
4 24 -14 -15 -14 0
-31 2 -31 -14 -29 0
12 -25 25 0
3 23 18 -8 23 -20 0
-19 7 5 -19 0
-1 24 16 23 0
-17 -13 -12 15 10 0
11 -18 30 -10 7 0
23 11 -14 0
27 17 0
-26 -20 22 -30 19 0
19 -8 27 -26 25 -9 0
-8 -7 29 32 13 -28 0
16 16 24 -16 0
-22 28 2 19 0
23 10 21 19 0
15 -7 -13 0
-7 -5 23 0
-28 21 -6 -19 -11 0
-23 2 -23 24 0
24 -14 14 10 -7 0
-5 -20 -21 0
-26 -10 7 -19 0
13 -18 27 -25 16 0
25 21 4 -10 0
1 -15 23 0
-19 29 2 0
-30 29 21 -16 -17 0
29 -30 -17 -4 0
6 -7 -7 -22 0
9 -20 -18 6 0
-2 28 -16 0
3 24 -2 24 18 16 0
24 -13 -10 19 -7 7 0
-13 9 -15 -14 10 24 0
17 -11 -30 31 0
1 -4 7 -2 -20 0
-3 17 -11 0
24 30 -31 30 28 0
2 -4 29 9 0
-1 6 12 -24 -27 -17 0
7 12 6 5 0
-8 14 -3 -8 0
-19 26 -17 24 0
27 22 -27 0
11 31 0
5 32 0
-5 6 -10 -19 0
26 2 9 31 0
18 -29 27 13 0
8 -31 28 0
19 24 -6 18 -10 0
-20 28 26 -16 3 0
13 23 -13 24 -13 31 0
21 16 23 0
18 -3 19 5 -6 0
-10 -20 18 -8 -23 0
-20 17 9 7 0
-14 24 0
-6 -28 24 1 0
-29 -17 -18 14 9 0
8 -26 21 4 -30 0
5 -18 30 25 -15 0
-9 -27 31 0
10 -14 12 -27 0
-24 -28 2 28 -2 0
-4 -16 -30 15 -28 28 0
7 -28 31 -20 -6 17 0
25 -28 -30 -14 14 0