c
c start with comments
c
p cnf 124 374
-100 11 92 -60 8 0
-4 -82 -101 108 -48 0
-95 -47 111 15 36 83 0
99 -58 0
-7 -39 97 0
88 92 34 0
-67 101 79 98 -11 0
6 63 -103 -14 90 31 0
62 25 -80 38 -39 0
65 96 90 37 4 0
54 -119 -94 -108 28 66 0
-19 -105 29 -29 0
75 -95 -92 89 0
-94 71 -37 22 0
70 -84 56 -57 63 0
-113 -98 -63 -114 -40 0
-60 15 -29 0
-54 116 88 29 -72 0
31 80 -43 -94 119 0
124 -115 -91 11 61 -108 0
25 -92 -60 16 89 0
30 7 -2 8 -109 0
112 2 -83 34 -2 0
-99 91 0
43 -74 4 -69 -84 0
50 13 0
-52 -11 0
40 -43 2 -106 -72 -7 0
91 -37 -40 98 0
-31 -12 -39 0
-121 -96 0
37 10 27 67 0
-68 -7 16 -6 114 0
56 -35 -22 -33 -15 0
-90 99 14 0
11 35 -14 0
51 -16 0
-111 112 67 -68 0
-77 -34 17 -19 79 0
-81 -1 32 0
4 98 -40 29 0
-118 -1 84 0
-71 82 -112 0
-115 39 -114 0
-21 46 -10 0
5 -22 -51 -76 -36 0
21 119 82 -29 89 14 0
-62 75 31 7 -15 0
-83 -93 104 0
-37 -57 0
57 -50 0
-110 -14 -30 -33 0
-67 -124 0
-31 65 -35 -54 117 0
118 93 48 0
114 49 -9 33 0
-86 48 -98 77 0
-23 -14 -37 -2 -40 0
82 54 119 105 0
116 -9 49 85 101 -63 0
-28 94 73 -23 55 0
-55 41 48 29 -57 0
106 -105 -49 103 0
-14 -6 -69 0
-92 113 -22 25 0
73 -44 104 110 0
-108 28 -78 1 32 0
99 51 -10 123 39 79 0
107 -87 -105 11 97 0
-9 -6 0
20 -57 64 76 79 0
8 46 39 0
95 11 -61 24 0
70 81 55 -92 77 0
-102 83 -66 -123 -44 0
56 51 0
-103 -3 -64 0
-42 -53 0
88 101 96 40 -116 0
17 -111 45 -6 0
30 116 97 -74 0
42 42 42 -41 49 0
81 -104 1 44 0
-47 -13 -108 49 0
75 27 -37 0
-62 -83 -8 0
-72 3 -14 0
-25 -55 0
42 -23 78 0
65 -46 -97 -43 63 0
-26 -45 30 31 -82 109 0
77 119 -103 -96 28 0
-117 43 86 -96 118 0
-59 -11 -68 0
-86 99 0
78 2 -108 0
84 111 -74 -107 -55 0
-15 16 80 40 0
-112 -74 -59 0
68 -44 109 0
46 -32 111 2 0
71 -49 110 -71 45 41 0
-84 74 99 19 -22 0
-47 -108 -11 22 -72 0
120 79 0
-53 78 7 -14 0
-58 113 -29 38 0
32 -112 12 -71 51 0
-66 18 103 0
-113 76 0
-117 -37 0
112 118 -52 44 0
31 -81 -6 -16 87 0
-51 -101 0
-26 -15 -95 -50 52 18 0
60 59 52 25 27 0
90 -86 53 -31 -61 0
-84 93 -51 63 0
-57 -102 -9 87 75 0
57 33 0
-59 115 94 0
115 90 -67 -123 0
-77 -122 5 0
-5 -22 10 0
-11 -121 49 69 -99 0
-41 32 0
-111 82 96 0
78 74 -18 124 52 0
-71 43 68 92 -44 0
-72 108 -43 92 98 0
118 78 -37 115 3 -116 0
30 10 84 59 -4 0
-111 8 -92 -70 -23 -113 0
-105 -74 -113 69 97 -51 0
-43 47 104 57 -92 0
-63 -55 59 0
34 -80 0
-81 119 112 0
91 60 -35 91 0
87 61 -7 83 20 71 0
114 -30 45 -32 0
47 -120 0
32 -74 63 44 36 93 0
35 43 87 -104 16 0
-53 -73 82 63 0
73 44 9 3 4 59 0
-58 -107 79 109 -5 0
62 -67 0
116 -116 2 17 -39 0
105 -98 -81 94 110 -14 0
20 -81 69 0
-62 -15 -31 -43 -62 0
52 -42 0
-55 86 -39 10 -6 0
-46 27 -21 122 0
115 20 0
-120 -12 25 -19 -66 0
-69 -87 76 0
-34 123 -5 -66 101 -18 0
-73 -79 -120 44 0
100 103 -66 -93 -24 0
40 123 49 0
-104 94 -33 27 0
73 -30 -116 71 0
82 -35 -90 0
64 -19 0
-75 120 97 0
110 5 0
-62 -6 -71 0
-49 -23 72 -62 0
10 7 0
12 -55 -38 -115 0
-5 -19 88 -53 -22 0
-22 -105 -13 6 0
-21 -107 -46 0
-112 111 43 29 0
102 104 109 -91 0
-53 90 0
80 67 88 -87 0
-6 -78 -108 102 0
27 81 93 91 96 0
-2 92 -117 0
-83 -122 49 97 0
-109 -105 -31 55 -39 0
8 -32 -94 -45 0
83 102 -46 109 -94 -9 0
-4 64 101 75 2 117 0
23 36 1 0
-17 -121 8 0
-25 -70 86 -4 0
-27 77 0
99 -74 66 -110 0
3 104 51 6 -17 0
-69 102 37 0
62 -37 99 -64 -24 0
-47 44 18 -58 -42 0
-11 -76 105 -54 0
-4 -8 53 0
-9 -63 107 0
-115 93 -24 -65 -48 0
-82 -26 92 0
61 44 64 0
-118 -65 47 -84 0
106 104 84 -44 81 0
9 -78 -123 -15 -15 0
-78 -60 86 101 0
118 -55 -96 -114 -115 -80 0
111 53 0
-49 57 84 88 -82 0
16 4 -96 -83 0
5 -65 71 112 22 0
-61 67 -116 0
64 85 -54 0
33 123 -12 -98 -111 0
-60 -114 0
-96 -83 0
88 71 -61 78 22 -117 0
-48 -54 0
41 -53 -122 94 107 74 0
100 104 77 -74 0
-6 12 -120 -92 42 0
-29 11 -22 -76 -86 0
74 97 101 0
84 -3 10 -106 -78 0
115 30 -46 80 0
44 42 119 10 -86 0
97 -32 41 -29 0
-33 111 -114 62 0
35 116 0
-75 62 67 41 -96 0
-58 -85 33 12 0
-89 41 -85 0
120 -34 110 107 0
-14 -51 -19 -88 0
-89 57 115 -23 12 0
76 38 -114 -116 0
100 75 -26 15 -56 0
-64 -35 59 0
-21 95 112 24 -99 0
-42 71 87 -31 0
-28 -35 -16 88 0
108 10 0
71 93 -60 -92 117 0
43 -15 -95 49 72 0
74 -100 0
-26 2 -8 -48 55 -68 0
-91 -99 -72 -50 -83 0
-101 -106 18 103 -108 0
-73 39 0
45 120 0
91 22 -71 115 0
-88 111 -38 97 -68 0
12 -111 110 0
-18 73 42 83 -14 -61 0
35 10 -21 -100 0
4 -49 -120 0
-50 34 61 63 -80 0
-56 10 -63 115 -97 61 0
45 46 40 -46 0
-67 94 -96 0
-104 117 120 0
-21 -75 89 57 0
22 -38 -25 0
18 53 -43 52 0
-85 -18 -34 0
-36 -69 112 -95 94 0
-27 14 0
40 76 0
-111 -73 -31 -34 51 66 0
-92 47 15 0
-72 108 18 -112 63 -9 0
-104 19 91 0
117 -55 -95 0
-75 56 91 122 68 0
115 -10 -93 0
29 84 -24 0
19 99 47 0
60 -35 106 59 -110 72 0
42 -19 0
-68 55 34 -64 0
44 95 -67 0
-40 71 109 -56 -116 0
21 -118 80 -111 -20 0
53 119 -51 102 49 0
57 52 -72 0
109 45 44 11 29 0
9 89 51 0
-102 -76 85 -65 -109 0
-81 -51 -102 -95 -6 0
48 10 -61 -59 0
27 -16 -110 12 0
-99 -33 37 106 -56 0
-27 -106 0
38 -76 107 -39 67 0
-63 90 -75 0
-57 118 -84 0
-2 -52 0
33 -35 0
44 -111 -7 89 81 99 0
31 -118 0
47 -119 -14 0
31 116 -32 -39 -24 0
35 46 65 0
-40 119 -26 109 0
-40 -17 105 20 0
114 -2 44 0
-49 120 -62 -28 -92 0
23 -34 -117 48 58 -11 0
56 59 -12 66 109 0
-5 80 -116 -84 0
-69 94 75 -95 -74 0
-30 -25 -79 -6 121 0
-10 115 104 -40 -69 10 0
44 -11 -4 0
8 -35 117 50 -116 9 0
97 6 84 -101 0
-40 77 -119 -38 23 0
18 -63 50 2 -53 0
-12 -13 97 -2 34 0
-63 103 -22 -100 0
-15 114 -66 115 0
75 53 96 103 0
-83 62 100 -118 -11 0
106 124 98 -14 0
-91 -89 -48 93 0
-84 -121 -9 0
103 -71 0
61 11 110 0
-98 29 0
86 42 98 91 0
93 -34 -19 -114 -77 -8 0
115 19 -111 0
-76 108 119 -83 0
20 119 22 -84 -40 -64 0
-23 9 -20 38 -51 30 0
35 -4 -70 0
-57 -70 -17 17 92 0
25 -55 91 -71 0
50 70 94 -23 37 0
-93 93 10 0
-111 -51 84 -17 -38 0
3 65 -5 119 0
-16 -59 -29 0
-95 -69 40 -71 2 102 0
109 107 0
78 -100 -21 114 0
23 25 -26 -40 0
-23 18 53 -91 -55 0
72 78 -75 23 -64 0
101 112 0
20 -102 -33 51 0
102 47 0
-121 -109 -101 -40 0
84 20 19 0
-81 92 46 0
30 62 -92 -22 11 0
-31 8 106 -117 0
-52 -40 -75 0
-113 29 -24 0
101 -38 96 122 -121 0
69 117 60 0
47 94 -32 0
-66 -16 105 12 0
-47 -89 72 64 67 0
39 -100 47 65 -23 123 0
67 5 35 54 0
39 12 41 32 -43 0
75 -65 71 0
108 -33 99 0
-62 -15 -67 -89 0
80 82 49 -93 0
7 -110 18 0
123 61 63 -119 0
120 -92 -47 -115 62 0