c
c start with comments
c
p cnf 27 61
-14 15 18 26 8 0
13 11 2 0
2 16 15 -5 1 0
-22 15 4 0
-14 -4 -2 10 0
20 7 0
25 -13 6 0
-22 7 -20 -6 12 0
-3 23 0
-20 -11 -13 -20 0
-17 -19 -1 3 -26 -18 0
-11 3 19 -11 0
-21 19 -15 0
23 22 15 1 12 0
-7 -8 18 -8 5 3 0
-17 -1 -22 0
-13 -8 0
26 -26 -9 -23 0
-17 -12 -6 -19 0
-7 2 0
-20 -10 -15 -23 0
-12 12 -25 -14 1 0
9 6 25 7 -20 7 0
24 -11 -7 3 19 13 0
12 -25 0
-24 26 0
-12 -5 -26 -5 21 0
16 -11 11 3 -5 0
-3 -9 -19 -6 -17 5 0
23 -15 19 -20 0
4 -12 26 0
23 21 -14 -6 -23 0
2 -9 0
22 -23 -12 0
4 -23 -8 -19 0
-14 26 11 -7 -19 0
-7 11 -22 0
14 11 0
-11 -23 22 0
13 17 17 8 27 0
-18 24 18 0
-19 24 19 -12 8 0
5 8 -8 15 0
-24 -20 0
-3 14 10 9 -18 0
21 11 -6 0
-4 -14 -18 25 6 0
-6 -24 -2 0
16 23 26 -14 0
5 13 -4 -9 0
-26 -13 -22 -19 0
-6 -20 3 -5 -8 0
12 14 12 -17 0
-6 10 0
20 5 -17 -26 -12 0
18 -23 1 0
25 18 -26 -26 0
-19 14 -22 -10 0
-20 9 0
-22 -3 23 0
2 -1 -15 -14 -3 0