c
c start with comments
c
p cnf 30 62
5 10 -25 -2 16 -11 0
10 -4 0
15 18 0
-26 -28 26 -11 0
-11 26 20 -16 -24 -17 0
-24 -19 29 1 0
14 -16 -19 0
-14 3 -29 0
28 -4 22 -15 -6 2 0
7 3 26 0
15 -2 -11 -12 0
24 24 -15 -19 21 0
29 -25 -28 0
-21 23 -13 -24 0
-7 -2 0
23 27 29 -26 -24 -16 0
-29 21 24 0
-18 22 16 0
14 -22 -5 -21 0
-30 -10 9 0
-21 19 9 -7 30 20 0
2 -14 0
-17 10 5 6 -3 0
20 -28 20 -17 -2 26 0
10 8 16 9 27 0
3 21 27 -16 0
19 25 -4 20 4 0
-3 -2 17 2 0
-21 -10 -24 13 -5 10 0
20 -5 -7 -10 -24 0
-7 5 -6 0
20 6 -30 -25 7 0
25 11 25 -12 0
-29 26 19 -5 7 21 0
10 6 9 -3 5 0
22 28 1 0
12 -10 -7 0
19 -1 26 0
3 -16 -19 7 -5 -22 0
3 27 0
-30 6 14 10 0
6 23 29 -13 0
21 17 19 0
19 -7 11 25 0
-13 -11 23 0
9 7 21 -24 -15 0
28 -24 0
-18 11 25 0
-19 4 8 3 -27 0
-17 -5 4 -19 -14 0
10 27 -7 -22 2 0
25 -18 20 -24 0
15 -26 -1 0
-14 -21 -21 -12 0
-17 12 -4 26 10 0
15 -11 12 0
-24 -22 15 0
29 6 20 20 3 0
-15 21 -29 17 0
-9 24 -21 15 0
-18 7 0
2 10 0