c
c start with comments
c
p cnf 19 81
-5 6 -19 -5 -15 -7 0
18 -9 -3 17 2 0
-6 -7 9 0
-16 3 16 0
-5 -17 2 13 0
-17 -8 -7 -7 -11 0
-10 -16 10 -16 8 0
-15 12 -10 7 0
10 14 -2 -13 0
18 -16 -17 15 0
18 -18 16 0
-15 11 -2 -18 -7 0
-6 3 4 0
-14 2 17 14 11 0
13 4 13 -1 16 0
9 -2 18 0
3 -11 18 -8 -19 0
-11 18 0
2 2 12 0
5 -12 -5 -15 0
-16 9 -18 -19 0
5 -14 -6 4 -3 -13 0
-5 -19 8 -17 16 0
2 -13 -14 10 -19 7 0
4 8 0
-8 2 -17 6 11 0
-13 -10 -9 11 0
4 10 -11 15 0
11 4 0
11 -4 0
-1 5 -10 -3 14 0
3 6 -9 -10 0
-3 3 0
19 -13 6 9 -1 10 0
12 -14 -18 0
-4 -9 0
-10 5 -17 0
-6 -11 -6 14 -1 0
14 11 -3 7 18 15 0
18 2 -10 0
-11 3 0
-18 15 0
-14 7 -17 -4 -6 0
-4 16 15 0
-13 13 -17 0
-5 -12 -16 0
8 -16 0
-14 19 10 -1 0
-1 -14 3 0
-10 -2 -11 17 9 0
12 -5 13 0
2 -14 9 -16 -12 0
14 5 13 0
6 -6 -4 5 0
-4 13 -10 11 -10 0
-6 2 5 6 13 16 0
16 -6 -5 0
-15 6 -2 0
-5 14 0
-1 2 0
-5 -18 -8 -2 0
-12 19 -11 -8 3 0
-6 -19 -18 -13 0
18 -15 -11 -10 8 7 0
-13 12 0
-12 -1 8 13 5 0
18 5 -15 18 2 0
3 7 -15 -13 0
-18 -8 18 4 -6 0
-13 -10 -15 -18 0
12 -17 11 13 -11 -5 0
5 -10 -6 -8 -17 10 0
-3 -10 -16 -13 6 0
-14 -19 0
9 10 -16 -12 9 -2 0
4 2 -9 17 0
-15 -4 18 18 0
7 -7 12 0
-5 -13 -4 5 3 0
5 -17 -10 11 17 0
-3 -17 10 -17 0