c
c start with comments
c
p cnf 29 44
-5 -25 -6 -2 0
17 -26 20 0
28 9 13 -26 0
-2 -9 -15 0
-15 28 19 12 0
14 2 27 0
-14 15 9 0
22 -5 20 -5 0
-22 11 7 0
24 28 27 0
-16 -25 19 25 0
-27 -6 18 -5 0
-20 22 8 -11 -12 -8 0
7 -5 16 4 0
-17 -26 0
-19 3 16 -19 -5 0
-18 -10 -8 13 -6 -11 0
-20 18 3 -8 0
14 -7 4 -20 -19 -6 0
-26 8 1 -18 0
-7 1 0
16 -23 -27 -5 -10 -9 0
26 15 0
15 19 -9 13 0
3 12 19 -13 0
-7 -3 -18 -18 -4 24 0
27 -9 -9 22 0
-25 24 14 3 -4 0
-9 -19 -10 5 16 -21 0
-18 -20 9 0
9 -1 -20 -20 -25 0
-14 -19 -13 19 11 -7 0
-13 27 17 9 0
-4 10 29 -24 -27 0
2 22 0
-6 7 20 8 27 23 0
-29 -17 7 0
18 28 8 15 -14 0
-4 14 10 0
-13 18 0
6 -18 -20 24 0
-4 -26 -16 0
2 22 11 -8 -7 -23 0
-17 15 -9 0