c
c start with comments
c
p cnf 14 71
-8 -9 6 6 -11 10 0
12 7 11 11 0
5 2 -12 7 0
13 -7 4 13 -3 0
-3 -10 2 -5 0
-3 -5 -6 0
-5 -2 -7 -11 3 6 0
-6 3 13 2 0
5 -12 -10 0
-9 7 -12 -3 14 0
-6 9 4 1 10 6 0
8 -7 -14 0
6 4 -2 -1 0
-7 -3 0
-10 6 -10 -10 0
-2 6 11 -10 -12 0
2 -8 6 -7 -4 0
-11 -4 14 -6 -4 0
10 8 8 -3 -8 0
-6 10 0
1 -6 -4 -6 0
3 9 13 5 0
-9 14 -13 -6 0
5 12 9 -11 1 0
-2 -14 8 -11 0
3 4 -7 10 0
-2 -6 -3 0
-3 10 0
3 5 -7 12 0
-3 -13 4 -9 5 0
3 -14 0
-11 1 11 7 0
-7 11 -7 -11 0
-2 8 -8 -4 8 0
-5 7 14 -6 0
-13 -13 4 -12 12 0
3 -6 0
5 2 -3 -5 5 -10 0
10 8 8 0
-3 -3 -11 0
-5 3 6 0
-9 -12 -6 -6 -3 -14 0
9 9 -2 -14 -10 0
9 12 -12 7 9 4 0
-5 9 0
9 -4 -5 -3 2 0
-3 5 -3 -6 3 0
-5 -11 11 0
-7 3 11 0
-13 5 0
-2 3 3 -12 0
2 10 9 0
2 -11 -11 0
-12 -10 -13 -1 0
8 12 1 0
4 -4 3 -4 1 2 0
-6 -1 13 2 -2 0
-9 -8 12 0
11 -8 -6 -4 6 0
-4 1 -2 3 0
-3 7 -7 -6 -5 0
-1 -13 0
4 -6 11 13 0
13 11 6 6 -11 0
-9 8 5 0
-2 5 2 0
8 -11 14 -3 0
-2 4 6 0
-2 -10 10 0
7 -10 12 -10 -14 -10 0
-9 -8 -5 -2 0