c
c start with comments
c
p cnf 12 72
5 9 -6 12 0
-9 3 0
5 3 5 -2 2 0
6 -6 10 0
-2 -3 0
-2 -11 -7 0
-7 -3 5 6 0
5 7 0
5 12 9 11 -6 11 0
9 1 6 0
5 8 7 -5 -9 0
-3 -11 0
6 -6 -3 10 0
2 6 3 0
10 6 -10 6 0
-2 8 -12 -7 -11 0
10 -2 6 9 0
9 10 -3 -4 -5 0
5 -4 3 -7 2 10 0
-4 9 6 0
-9 -3 -8 0
-3 8 -5 7 0
2 7 12 11 0
4 -12 -5 0
-11 -8 -7 0
10 -4 -2 8 -4 0
6 -3 -11 -5 0
-8 4 -7 -2 11 0
12 -6 -1 0
10 -9 3 0
12 -3 2 -12 0
11 -10 -1 -2 0
-9 -3 5 9 0
-3 -10 -4 0
7 7 -4 7 12 1 0
-8 -9 11 0
10 -4 3 -3 -3 0
-8 -2 11 -7 11 8 0
-2 -2 -4 1 6 0
3 4 -5 -7 0
-4 2 3 3 0
-11 -6 0
-5 8 -6 -8 -10 7 0
10 10 8 10 0
-4 6 11 0
-10 -8 -10 -5 3 0
7 7 4 -6 0
-3 9 -2 0
-3 -1 5 3 -2 0
-8 -12 -6 -1 0
-4 3 3 8 0
-6 4 9 -2 11 0
-6 -8 -7 0
4 -5 -8 0
-4 -10 8 -8 0
9 -3 10 1 0
-10 -4 2 0
-8 -1 3 10 -12 11 0
10 -5 7 -5 -4 -7 0
-1 2 0
-4 11 8 8 0
8 -12 -7 9 7 0
-11 7 0
8 4 9 1 3 7 0
7 -12 0
-2 -8 2 0
-4 4 10 -10 0
-1 -10 -10 12 -11 0
6 8 -7 9 3 -9 0
-12 5 -4 -4 -6 -12 0
-12 -10 3 0
12 -3 0