c
c start with comments
c
p cnf 20 61
16 18 -12 -15 0
-3 19 -13 -10 0
10 -18 13 0
-18 17 -6 0
18 18 4 -13 0
6 -10 -7 9 0
-11 9 17 -11 0
6 -5 6 6 0
-12 2 0
-8 -9 4 -19 -14 -5 0
6 1 0
4 7 -15 -13 -10 0
-8 20 -12 15 -12 -18 0
3 7 -10 5 0
-9 6 -9 -17 0
18 1 -9 0
-16 18 4 7 9 0
16 -13 3 -2 0
-15 -6 -12 -7 3 -13 0
-4 -15 7 10 0
-16 -4 4 3 -11 11 0
11 -9 1 16 11 -6 0
-10 8 0
2 -1 4 16 -14 0
7 12 -7 0
-15 1 0
-10 15 15 15 -19 0
13 20 -13 -15 0
4 13 -3 0
-19 -7 0
14 -16 -7 0
12 4 -6 7 6 0
10 -1 18 0
5 -7 16 -3 0
15 11 8 18 0
-6 20 0
-3 -15 -4 4 0
13 15 -15 -4 1 15 0
-5 5 11 -12 0
14 -16 5 0
11 10 -18 14 3 0
14 10 -6 15 20 0
-15 3 -3 0
-3 -12 4 14 0
-5 12 -9 0
-2 -11 10 -6 6 4 0
20 7 3 5 -14 -18 0
16 -3 -17 14 5 0
5 6 -17 6 -11 12 0
15 -19 -12 -11 0
9 -11 -16 6 4 4 0
-2 -20 15 0
16 19 -13 10 -7 -11 0
-10 15 7 15 0
-4 6 -4 7 7 2 0
13 10 11 4 0
3 -18 7 -9 4 0
-18 -1 0
11 -2 6 -7 0
-12 -12 15 -12 -8 0
-10 3 18 -16 2 13 0