c
c start with comments
c
p cnf 20 84
4 -7 -14 -11 2 17 0
-19 -8 -20 4 8 11 0
3 6 0
11 -17 -3 0
-14 -4 16 0
9 15 6 0
-17 12 -4 0
2 -6 0
6 18 0
14 -6 15 18 -5 0
-18 4 14 14 -11 0
14 -19 -2 -1 3 3 0
-3 -15 -8 0
-11 19 0
12 13 0
15 -12 -2 11 0
18 13 8 4 0
-17 11 -13 0
10 -6 -2 15 -13 -7 0
6 -7 -19 -4 10 0
-14 -19 3 16 -14 -7 0
-12 -11 -2 -16 -16 0
-2 -3 -13 18 -4 20 0
-4 5 18 7 -15 0
-1 -16 2 0
15 -17 -20 0
-12 6 10 14 3 0
20 16 14 0
4 12 0
-9 20 -7 -15 17 19 0
-19 5 -15 0
-12 16 0
15 -12 11 9 -18 0
13 -12 -6 -2 -10 0
17 10 -2 18 0
3 8 0
6 13 -19 4 0
-8 15 0
-16 20 16 0
14 -10 -3 0
5 15 8 11 3 0
9 -9 -11 -17 2 0
-10 -19 0
15 14 0
9 15 -9 17 0
8 -9 10 -3 -16 0
-2 -12 -19 -18 -6 0
-2 -8 -3 17 17 0
-6 13 -20 -17 13 0
2 1 12 8 0
-8 16 12 0
-18 5 -4 9 0
-19 -8 5 0
6 -6 7 -12 -17 0
5 -8 -8 -6 0
6 11 18 8 15 0
-6 10 8 2 5 0
-2 17 -7 0
15 -7 -10 0
-4 15 12 -12 -12 0
10 -5 -8 -7 0
-20 4 -9 5 18 0
6 -14 8 20 -9 0
2 -12 0
5 -4 3 -13 11 0
-8 14 -4 9 11 0
12 11 -11 0
13 -14 -20 5 -6 0
8 13 10 9 0
5 14 8 -18 19 0
11 -12 3 -11 17 7 0
-16 3 17 -11 0
10 3 17 0
5 11 0
15 15 -11 0
6 14 -12 0
-4 13 7 -14 0
16 -1 0
18 18 3 -14 8 13 0
16 15 18 -5 -5 0
-15 7 2 0
-7 -8 16 0
7 5 7 -15 -16 16 0
-5 -10 5 9 14 0