c
c start with comments
c
p cnf 15 79
-7 7 10 13 2 0
2 -6 14 11 0
-10 9 14 -7 6 1 0
-7 -2 -6 7 6 0
-4 -9 -13 -5 0
-10 5 -15 -11 -4 0
2 13 -15 8 8 5 0
-5 -5 2 13 -9 0
-6 5 4 -10 0
-8 -3 -4 6 0
-15 -4 5 0
12 6 15 6 13 0
-13 5 -1 6 -1 0
-3 14 10 0
-6 -12 -15 15 0
12 -6 0
5 6 3 -5 0
-9 13 4 -13 0
-1 3 0
3 -14 -10 9 10 0
9 -1 7 3 0
12 -8 13 10 -11 14 0
3 10 12 -10 13 0
12 -2 4 -12 -7 3 0
4 10 9 -3 -6 0
11 -10 2 9 14 0
6 13 5 0
-3 -12 10 -11 11 0
-9 -4 -9 12 -2 0
15 13 9 -5 0
9 -2 14 0
-12 -2 -14 0
-8 -1 -1 -10 7 0
15 -10 0
8 2 -6 -4 -5 0
-14 14 -4 0
7 -7 13 -8 0
14 -13 6 10 14 11 0
13 14 -8 11 1 -1 0
14 8 11 -15 6 -5 0
-8 9 0
-11 14 -4 5 0
-14 15 4 7 12 0
-13 14 0
-13 -6 -6 -12 9 0
-10 4 -13 -2 -12 0
4 11 15 13 -11 0
5 10 -13 12 -14 13 0
4 -1 2 0
-14 -9 14 0
13 -5 -14 13 -9 12 0
-13 7 3 3 0
-4 1 7 -7 -8 0
-5 12 9 -10 0
1 6 4 0
12 9 0
14 -4 4 0
3 13 -3 -7 -3 0
-14 5 -7 5 -6 0
-12 15 -10 0
9 5 -9 12 -5 15 0
-4 -6 10 13 0
-15 12 -8 0
-6 13 -4 0
-9 13 13 -6 -12 -5 0
-7 -6 10 0
-12 3 0
12 -15 -5 0
-1 12 -6 -4 0
-12 14 10 0
4 3 13 -12 0
5 -10 5 -10 0
-13 8 1 -3 0
-9 -7 13 -6 11 0
9 13 10 8 -3 0
12 -10 8 0
3 -10 9 2 -7 0
-13 -7 -5 -3 11 11 0
14 9 1 2 0