c
c start with comments
c
p cnf 14 83
-7 9 -10 0
-7 -2 12 12 -6 -11 0
-6 6 -4 2 0
9 -10 8 13 -3 0
-10 -7 -6 4 -7 0
13 4 10 4 3 0
-4 -2 4 0
-3 9 -3 11 8 10 0
7 6 0
14 4 4 -8 -4 -12 0
2 3 -8 0
-6 -3 9 11 0
-1 -4 4 -13 0
-2 -3 -9 -13 4 0
-5 -10 -9 0
12 -5 0
-3 -10 9 8 -10 0
-5 -8 -12 0
-11 -3 -3 0
-2 -3 0
1 7 0
-4 -2 -5 -7 13 0
14 5 1 -5 0
-7 -5 0
-7 4 -14 -4 0
12 -11 -12 0
10 -8 8 5 3 0
5 -2 7 4 0
12 14 -3 -3 4 0
-5 8 -3 -12 -13 3 0
-4 -3 1 0
2 7 -9 -7 -13 0
2 6 9 -7 -13 0
2 3 12 0
9 2 2 -7 -2 0
3 -2 -10 0
-7 -8 6 7 -3 0
-11 -9 0
14 -10 0
-2 -8 4 2 -10 0
-2 -13 9 0
1 -3 -3 7 0
5 -3 6 4 0
-8 6 0
-1 4 12 4 9 -5 0
-13 2 7 8 4 0
-9 -13 7 -7 0
-7 -13 -4 0
7 11 -12 -11 -11 0
13 -1 13 0
12 -11 3 0
12 8 -11 12 0
-11 -8 -8 -6 -10 0
-5 11 2 -7 -13 0
-5 -3 4 -12 0
7 -8 -12 0
12 7 8 -11 0
9 -1 -4 -9 4 0
-5 -7 -2 2 2 0
10 -14 0
4 -10 -3 -1 0
-3 -12 6 12 0
2 9 -10 1 0
-12 8 -11 -5 -8 0
1 -7 7 -4 0
6 9 -14 -12 -5 10 0
-2 -11 -2 10 0
3 -11 4 12 8 0
10 -13 11 -2 -3 0
11 6 3 12 -4 8 0
6 -9 -9 -10 12 0
-12 13 12 0
-7 -3 -2 -4 6 6 0
-12 5 6 7 0
2 -9 0
3 -3 7 -1 -4 11 0
-9 -11 11 -6 0
3 3 -13 0
-2 -5 0
2 13 -6 7 12 0
-7 2 14 0
2 4 8 0
-12 -11 1 1 0