c
c start with comments
c
p cnf 22 49
2 18 2 0
4 9 -16 14 -2 9 0
6 -4 0
-2 -3 -13 2 -10 -16 0
5 9 0
5 16 13 -7 0
-15 -18 16 4 -8 0
-7 -7 0
20 -10 2 -10 0
15 16 -5 8 21 0
-19 -5 -15 11 0
-7 -3 13 6 -5 1 0
-16 21 -8 -12 0
21 16 12 -6 0
20 18 19 7 0
-17 15 -8 0
-8 8 9 0
-13 -9 22 13 0
19 17 -3 -19 19 16 0
13 -21 -17 0
12 2 0
-18 -19 22 -14 -14 0
-10 -11 -11 -9 0
-8 -13 3 -8 0
-9 3 1 7 0
-8 4 20 -2 -17 0
14 21 5 -22 12 5 0
21 -5 4 0
-4 15 20 0
9 18 0
-11 -13 -4 19 0
-4 8 -3 13 17 0
18 -22 -20 10 0
-1 8 -13 3 -14 0
-22 -8 -15 0
14 15 0
10 -7 4 0
-15 20 2 -14 -14 0
5 -10 21 0
3 12 -22 -9 -8 0
7 -17 2 0
-2 3 10 0
-8 -21 -3 0
-20 -2 -1 13 19 0
-1 -8 5 0
7 -5 -6 0
11 -21 19 6 -16 0
-6 -6 3 7 17 12 0
-5 14 -20 20 0