c
c start with comments
c
p cnf 14 82
-12 -9 2 9 8 0
3 2 -14 13 11 0
3 -7 -6 13 -10 7 0
13 9 -7 6 8 0
4 -14 7 6 0
5 -7 5 0
9 5 6 9 0
-14 -9 13 -11 9 0
-11 12 14 11 11 0
-11 -12 -9 0
4 -2 8 -12 -8 0
-11 12 -5 2 -9 0
-9 7 2 2 4 -11 0
-1 4 12 4 6 0
-12 8 14 0
3 -3 10 -9 0
-4 5 0
-5 -13 -4 11 9 0
-4 2 -12 0
6 -5 -9 8 0
8 -11 -7 -10 0
-11 -2 13 -5 0
-7 -7 -8 7 -11 0
11 11 6 0
-2 -9 0
9 -7 11 5 12 0
7 8 -6 6 -12 -8 0
10 -10 5 7 -7 10 0
7 -8 6 3 8 2 0
-12 6 -4 0
5 -9 -2 0
11 6 13 6 0
10 -7 3 0
14 -10 -3 -4 11 0
-6 9 -13 3 0
-1 7 -11 -4 3 0
2 -6 11 3 0
-2 2 3 0
3 6 6 -14 -12 -8 0
-4 2 13 1 0
-6 8 5 -5 13 10 0
2 8 -6 8 10 0
7 11 0
10 -9 -9 0
3 5 9 -7 0
1 -4 8 1 8 0
-13 4 5 13 14 0
12 -7 5 0
-3 5 6 -11 0
-3 3 -3 0
-14 -13 14 0
-7 -8 -10 2 14 -3 0
-9 8 2 -12 0
10 -5 11 6 0
10 -6 -11 2 7 0
-10 -11 -5 -4 -8 0
-14 -10 7 0
-9 -12 14 3 11 -7 0
14 -9 6 -10 0
6 9 -3 13 0
6 -1 -10 -2 -10 0
-10 -9 9 5 -4 0
-6 -1 13 -5 -10 0
-8 -10 9 2 0
13 -14 12 0
12 -4 -10 6 2 0
4 -10 -11 -9 13 0
1 -12 0
6 1 -4 0
12 -5 0
8 3 12 5 4 0
14 -9 6 12 0
10 -7 -3 -7 0
-14 12 -1 6 -7 3 0
7 -2 -7 0
7 8 1 12 0
-5 -5 13 6 -14 2 0
1 9 3 -4 -5 11 0
11 13 0
-3 8 10 0
6 4 10 0
4 -13 -4 0