c
c start with comments
c
p cnf 29 63
-2 5 14 -9 -17 0
-27 21 16 0
20 14 -9 -17 0
22 26 -28 -3 19 0
-20 -13 21 6 3 0
-8 -12 2 0
14 18 -12 13 10 0
19 27 -2 21 0
-19 -11 9 -26 0
22 28 -9 0
15 -16 0
28 23 14 27 0
-6 18 28 2 0
22 24 18 27 18 0
26 26 -9 -5 0
-3 -9 7 26 16 -21 0
15 -1 0
3 -20 -27 -3 16 0
6 -14 -14 -4 0
3 -1 22 26 6 0
10 -28 -9 0
7 8 0
18 -24 23 -12 21 0
-28 -27 -18 -15 0
23 4 -19 0
4 -11 22 27 -25 0
21 14 18 -24 -16 0
-10 3 0
25 -18 -5 0
-20 6 13 5 -1 0
-12 15 -1 0
1 -19 28 0
10 28 5 -4 17 2 0
17 19 28 -26 0
19 -7 1 -7 7 0
-10 2 0
7 -20 -23 11 0
2 -18 7 -15 -25 0
-1 -21 0
-14 29 -20 0
-4 -24 0
17 -8 -12 15 0
5 7 3 24 0
-5 22 -29 -16 0
13 7 9 0
8 26 15 -15 0
-18 -13 0
17 1 1 0
-19 -18 -15 4 0
-23 17 -7 0
15 12 7 23 -25 28 0
-12 3 -28 0
11 16 10 29 0
7 23 4 8 0
-14 -22 -4 -2 22 0
27 24 12 -15 0
-13 8 13 28 3 0
26 -3 -19 -21 0
-6 28 -22 19 21 0
-17 -20 -12 0
-8 7 16 14 0
14 11 -12 9 -20 0
28 -17 0