c
c start with comments
c
p cnf 25 56
23 17 3 25 0
-18 -12 0
17 -20 11 0
-17 -5 1 21 10 0
-2 -3 6 13 17 0
-7 -15 18 0
12 -10 -19 -8 0
8 20 -3 -16 8 0
-3 18 -11 0
10 -12 0
-9 -11 -20 0
-10 24 -8 -18 -5 -9 0
-14 -12 10 13 25 -9 0
-3 -24 -23 -12 0
-12 -9 20 15 -17 0
-24 -1 -23 -16 -21 0
-12 -10 -2 12 -11 -14 0
-22 -19 21 15 0
6 14 21 21 -2 0
22 12 17 0
-21 -8 -24 0
22 -20 16 5 3 1 0
6 -18 17 -24 -18 0
-11 19 0
-19 7 20 -24 -24 -18 0
-4 23 12 -22 -24 0
25 10 0
-11 19 0
-21 -11 17 0
6 5 23 -6 -5 0
-14 -6 11 -2 0
-19 10 22 -12 11 -12 0
-9 -14 -4 -18 3 -19 0
19 -13 -14 16 15 -13 0
10 21 6 18 0
-10 3 24 11 0
-20 25 0
8 11 20 0
-16 16 0
22 3 19 -15 13 0
24 14 23 -25 13 0
-3 6 0
-3 -6 -2 -15 0
9 -15 0
11 -11 -23 8 0
18 4 -2 2 0
-18 25 -1 0
14 24 0
16 23 11 11 0
-23 24 4 6 -23 0
15 -23 7 23 0
-7 19 -13 8 0
10 8 -14 -22 0
-6 -5 -21 0
16 18 -20 0
25 16 -20 -12 -12 0