c
c start with comments
c
p cnf 26 65
-7 13 12 14 0
14 5 25 -24 13 0
-25 -25 -25 -11 -2 0
9 -24 0
5 -13 0
26 -17 0
22 -18 -2 -23 0
4 -14 -7 9 11 0
-21 -8 -8 -17 0
-21 -12 11 -16 -25 0
4 15 16 2 5 0
25 -5 16 0
21 8 25 -17 0
-17 4 16 6 -14 0
24 21 -14 7 0
3 14 -19 -23 -10 0
14 -16 0
-20 12 8 0
-19 19 9 0
-13 16 23 0
-25 13 0
17 15 2 14 -14 0
-14 -3 8 18 -16 3 0
15 -6 12 0
5 4 11 2 -9 0
18 -5 -11 9 0
10 -19 -20 16 5 0
-9 -13 -16 -6 0
-5 4 -20 -10 -20 0
21 22 -25 3 -12 -15 0
-22 13 9 -12 0
-21 -21 0
-24 -17 0
12 -5 17 2 0
25 -19 3 -9 -26 24 0
-16 1 10 -12 21 0
3 -25 19 17 0
1 10 -2 19 7 0
-5 -19 19 -5 3 6 0
9 21 21 0
18 -23 -19 -2 0
-19 -5 26 0
-23 4 19 -13 -23 0
-15 11 -21 -24 0
-9 8 3 1 5 -4 0
-25 -6 9 -14 0
-12 19 0
-16 7 24 0
14 -22 -15 16 0
-21 3 -16 -17 22 0
24 5 23 16 -11 0
-11 22 -7 -1 10 3 0
6 -25 -5 15 0
-12 8 -14 -20 0
24 -3 9 13 21 0
14 18 -6 -21 0
10 -23 -23 0
-18 -21 12 17 -17 0
3 -18 -7 -16 21 0
12 6 12 21 -21 0
20 1 18 0
-11 5 2 6 0
19 -11 6 11 17 0
16 -17 6 -4 0
3 19 0