c
c start with comments
c
p cnf 28 68
17 15 -7 0
24 10 -6 12 0
6 28 -22 12 0
-15 -23 -6 23 23 0
2 22 -6 8 0
-11 12 -8 0
2 17 -15 -19 -6 0
-24 25 23 2 -24 0
13 -25 -1 0
-19 -19 22 27 24 -11 0
20 1 -14 -1 19 0
-24 -10 -26 9 -1 -7 0
-11 -9 -23 21 -20 0
21 6 -26 0
-11 -17 -19 -14 24 0
-21 4 6 27 -6 0
22 8 -10 -12 -12 15 0
18 -22 -12 0
-6 -7 -10 19 4 0
-3 4 12 0
-25 -12 7 -12 0
2 -15 0
-28 -10 15 -27 15 0
-5 1 -22 27 0
1 11 3 -8 -1 0
-13 22 -26 -5 -8 0
5 12 -28 0
8 26 -27 -27 9 -23 0
-24 12 22 19 18 14 0
-26 -4 -3 -9 22 0
-26 -11 24 0
5 27 25 -21 -6 0
-8 -23 -21 0
5 4 20 -15 0
-21 -3 -22 24 0
24 -10 -22 13 0
9 -28 23 16 0
13 -1 -16 0
-3 -5 10 7 5 -16 0
12 14 0
-11 -4 -21 10 0
-5 -27 0
20 6 19 11 -14 0
19 15 -9 -8 27 -4 0
-22 -11 -26 16 0
21 -19 6 -24 -21 0
9 26 -9 0
7 -17 0
6 25 -5 -12 0
-11 25 15 0
14 7 -11 -13 27 0
19 -12 -9 9 0
-10 26 10 0
17 -7 17 -3 7 -9 0
13 -2 26 0
-14 -17 -22 -12 0
4 5 -8 0
5 -9 4 0
-1 1 -21 0
-2 -3 -18 -18 -14 -3 0
16 27 11 -8 27 0
24 17 11 14 -13 0
-20 -12 10 -6 0
15 -4 -12 0
1 -28 -14 7 -18 0
15 -10 17 0
7 21 -16 11 22 2 0
21 -16 15 -8 5 0