c
c start with comments
c
p cnf 16 68
-9 3 0
8 14 -10 7 0
14 -16 -10 0
-10 -7 10 -8 0
7 14 14 -9 0
-6 1 -11 -3 5 0
1 14 -4 11 0
-11 -7 -7 -11 5 0
-1 -12 15 0
3 6 -8 0
-12 -4 11 -11 -2 0
11 8 -5 2 12 0
10 11 0
9 -4 -3 7 -4 -11 0
-16 10 -3 -16 -9 0
13 -6 11 -8 -14 0
2 -8 12 0
13 9 -13 -9 -8 0
6 8 0
-9 -6 -15 7 0
-9 16 15 -2 0
-4 -11 -11 0
-1 8 -8 -11 10 0
5 -15 -4 -10 -9 0
-2 13 -7 -3 8 13 0
12 -15 -7 -9 12 0
-4 8 13 -2 0
-4 12 -4 -15 0
-13 5 0
12 7 -7 15 0
-2 11 14 10 0
14 -9 2 16 -4 0
-6 5 -14 0
8 8 9 -14 0
-9 3 0
4 16 6 0
-16 -2 0
-13 4 -10 3 0
-5 -4 -2 -11 -1 3 0
11 -7 10 2 13 -7 0
-11 -14 16 0
15 7 -10 0
15 -16 -10 14 5 7 0
-5 -8 -15 7 -2 0
-1 11 0
14 9 -7 0
-7 -10 -11 0
-11 -10 12 13 0
16 -11 -7 -12 5 0
-10 14 -11 2 -10 0
4 -15 0
11 15 8 -12 0
6 3 -10 0
-8 9 -5 -12 0
-8 10 3 15 0
-10 -15 6 4 0
-9 -8 -10 -3 6 0
8 14 -3 -3 0
9 14 0
-1 -2 13 13 0
-13 15 -16 3 2 8 0
-15 13 -8 0
-13 -7 -9 8 -9 4 0
-11 11 4 3 6 0
-7 6 0
-5 6 9 0
1 12 -14 0
-13 -5 -15 -7 0