c
c start with comments
c
p cnf 13 50
2 -3 5 -2 -9 0
-2 2 13 10 -13 0
4 13 -5 -9 0
4 6 -9 0
12 -2 -4 -12 11 0
-6 -3 6 -10 -7 0
-12 -7 -5 0
9 -8 11 -8 0
2 6 -1 -12 0
7 -10 13 -10 0
-4 -1 0
-2 -10 10 13 2 0
1 11 5 -7 0
-6 -9 6 -4 -6 0
6 -5 0
13 -9 -4 -5 1 0
10 -11 0
9 -5 0
5 5 -2 0
-9 2 -9 8 0
7 -3 12 10 0
-6 -5 5 10 -2 2 0
-9 -9 12 -6 0
10 -1 4 -5 -13 0
4 -5 0
-7 -13 0
3 -12 6 0
2 9 -11 0
9 11 11 -13 11 11 0
4 -7 -12 -2 -5 0
7 7 -8 0
7 -8 0
-2 -3 12 -5 0
-9 6 3 -2 0
11 5 3 11 -10 -3 0
-1 8 -4 11 -7 -11 0
-3 -12 -4 0
-7 -6 11 -8 0
5 -5 5 0
13 10 -3 11 2 -13 0
-6 8 7 0
-11 -6 0
7 -2 0
10 -4 -1 0
12 -2 0
-11 -4 -8 0
-8 9 12 0
4 -10 1 0
-9 11 1 5 -8 -4 0
-3 2 7 0