c
c start with comments
c
p cnf 20 84
13 -20 17 13 9 0
-7 -2 0
14 -3 13 15 -11 9 0
-3 12 -3 0
-5 19 11 10 4 0
3 16 -19 10 -14 0
12 -12 0
-17 19 0
12 -9 16 -8 6 0
-8 -9 -20 19 20 18 0
-11 5 -7 -20 -3 0
19 -13 -19 19 16 15 0
-2 -10 18 0
-3 -19 0
7 -10 3 -12 0
-5 7 14 -11 0
-18 12 3 8 7 0
-11 14 -18 10 0
-20 -17 9 -19 18 0
-9 -20 0
18 -8 20 4 0
-16 14 -16 0
-15 -11 -18 1 0
-19 -11 10 15 -17 2 0
-15 -13 -16 -9 -11 0
-18 18 -11 -7 0
-2 3 13 0
-11 -14 -5 -12 0
-17 -14 -7 1 -13 0
19 -2 -10 20 0
15 -3 7 3 0
-3 -6 8 0
5 16 -8 0
-18 -15 -18 -7 9 0
18 -3 -8 10 -2 0
-8 9 -19 4 0
2 6 -14 -4 0
2 -3 -17 9 -18 -11 0
16 -8 2 0
-10 11 7 0
-8 10 19 -13 0
-10 3 0
-5 4 0
-9 -5 8 18 12 0
13 4 0
-9 19 3 0
-20 -5 2 0
10 15 10 -11 15 0
-9 -16 -15 -8 -1 -16 0
-10 -15 6 2 0
15 -7 3 -15 0
7 -13 0
6 2 12 10 -12 0
4 -3 -12 12 16 0
17 -2 -11 -11 0
-1 -19 10 0
-5 -11 -12 0
-16 -4 11 -15 0
-15 13 -13 -18 13 0
-4 6 3 2 -15 0
12 -17 -5 5 0
4 -16 19 15 -19 0
19 8 -14 11 11 0
-16 19 3 0
15 9 -19 0
9 2 12 -12 -5 -3 0
-16 2 0
-18 -15 0
-6 10 -14 19 0
-7 -2 13 -14 4 0
-17 -9 13 -8 0
-16 -6 4 12 0
17 19 19 -16 0
-11 7 0
15 -9 -20 0
9 -9 1 6 -16 19 0
-13 5 12 16 0
-19 12 -15 -12 7 6 0
20 -7 4 0
-3 -8 -1 0
-4 14 3 -6 0
-2 -17 15 -9 -9 0
7 4 -14 0
6 6 -12 16 0