c
c start with comments
c
p cnf 21 88
9 16 7 17 -16 0
-6 -21 -13 18 0
20 -7 -15 -6 -13 -14 0
10 5 6 12 0
11 -21 7 -4 0
15 7 -7 10 0
4 -3 0
-14 -2 8 8 0
10 20 20 -12 4 0
-7 2 -14 19 -1 0
-18 16 -17 19 11 0
10 -3 14 -5 12 -20 0
-1 -16 -14 -7 -10 0
-16 8 17 18 -20 -9 0
-14 3 5 0
2 -15 -9 17 0
20 3 10 12 0
13 6 0
-3 -20 18 -17 12 0
17 3 -9 0
9 1 19 -20 0
-10 20 1 20 -2 0
15 -21 -5 4 -5 0
-9 11 -20 9 0
-8 11 13 8 0
8 -6 21 5 0
-2 7 0
-17 -12 20 9 -19 0
19 5 -2 -2 18 0
-18 18 -18 -7 -11 15 0
-8 15 -3 13 -2 0
-20 -5 14 -10 0
16 7 9 -10 18 -4 0
19 -14 -14 5 10 0
-18 17 -3 -21 3 0
4 -7 9 7 -19 0
-6 -12 -10 0
-2 8 3 0
-2 -15 -11 9 0
-18 8 -15 8 0
-5 -8 6 11 0
-9 14 12 0
-16 -17 -21 2 -6 0
-14 -14 0
11 9 -17 0
-2 -13 2 0
10 19 6 0
7 -5 12 -7 0
4 -14 0
-17 -13 -3 16 12 6 0
-18 12 20 15 7 0
5 11 -14 7 0
-11 8 -6 0
18 14 0
11 -2 -3 16 0
-5 21 -16 19 -12 0
2 -3 0
-8 10 -13 19 0
2 21 4 -7 19 0
-12 20 0
1 13 3 11 0
-9 -16 0
5 5 -3 21 0
-6 -17 -18 20 0
5 21 -13 20 0
6 -16 -4 -4 -20 0
-10 11 -6 0
4 -15 0
20 -5 -2 -21 0
-4 11 10 0
8 -16 17 -10 0
2 -11 6 11 -10 0
11 -3 15 21 18 0
20 4 -19 -17 -12 0
-18 -8 2 -2 12 0
-8 -8 -13 -8 -9 15 0
-10 9 0
20 13 -1 -18 3 0
-2 -19 17 0
13 -15 0
-13 17 -11 0
10 -19 9 -19 0
5 -12 0
9 11 -6 -13 3 0
18 -20 13 -3 4 -2 0
3 -4 -17 0
11 10 -17 0
-8 -3 0