c
c start with comments
c
p cnf 30 73
-30 -10 -1 21 0
16 -23 26 -7 9 0
6 14 0
25 24 -27 14 26 -29 0
-16 10 -8 -28 -5 0
25 4 -10 -21 11 0
-12 -13 -30 13 0
-24 1 -21 24 16 19 0
15 23 -4 18 -4 -11 0
19 10 1 19 0
13 -5 -27 11 0
17 -24 15 0
-12 -25 10 -11 28 0
-28 12 1 24 22 -9 0
-16 -10 0
-25 -21 -25 0
3 -4 17 -3 6 0
15 -3 -28 0
9 11 0
23 -16 -1 2 -15 -24 0
23 -29 0
-12 23 -9 -27 28 0
14 -17 18 -21 0
-2 2 -25 0
4 -25 7 -28 -13 0
5 13 -21 0
-12 -26 -6 0
28 -18 26 0
-19 -4 -3 0
-11 21 -26 -28 -21 0
10 -14 -8 0
-29 27 -5 2 0
-14 -19 27 0
16 13 4 0
6 13 -8 -2 3 0
-3 25 -28 -15 -30 0
24 -22 0
5 -9 20 0
15 12 21 6 0
6 21 6 3 20 -23 0
-20 5 -22 -8 13 7 0
13 6 9 -21 -28 -29 0
-15 4 -24 -7 0
20 -18 -17 11 0
-17 -23 -3 27 29 0
-19 30 -23 15 0
-18 -1 -7 21 0
3 21 -19 0
3 -6 30 -20 2 0
-15 -13 17 0
-19 -20 0
15 -14 0
16 -7 -8 -25 -25 -3 0
-13 -21 -28 14 -24 26 0
-14 13 24 -4 0
-7 -3 -10 -19 -23 0
17 28 -16 0
-11 -3 -15 -16 7 -29 0
-21 26 -11 -17 -3 0
-18 -13 -16 8 0
21 20 15 -23 0
-7 -21 8 3 26 0
15 29 -19 0
7 22 -6 16 -18 0
10 -27 2 0
-12 14 -24 -15 0
16 -1 11 0
-28 9 -17 -25 0
4 -22 -12 -2 -13 0
16 28 -2 -2 0
21 -29 -27 -17 0
-10 -28 -18 -27 18 0
6 -21 -1 7 -27 2 0