c
c start with comments
c
p cnf 28 54
-4 9 -10 -12 15 0
2 -7 -5 0
-13 3 8 -19 0
12 17 7 8 -18 28 0
5 2 -19 0
9 -3 0
-20 -3 -20 -13 0
-16 -15 8 0
-5 -28 -2 0
28 10 11 -18 17 -14 0
10 23 0
-5 -9 -21 -5 -17 0
-9 -9 16 17 0
-3 -3 -15 14 -15 0
-13 -15 -2 -7 0
3 10 9 0
9 26 -12 -16 -5 0
-13 -14 -18 -12 17 16 0
10 8 -1 0
9 -16 27 20 -22 0
19 -4 8 -5 -17 0
26 8 0
6 4 0
-24 -25 25 20 0
19 7 21 18 0
-17 -19 0
-9 -26 -14 21 0
-17 2 5 0
-5 3 15 0
-7 9 -14 -27 -3 11 0
5 8 -3 0
5 -6 -15 24 21 0
2 6 23 10 0
20 27 17 0
-4 2 1 0
-2 -28 -15 0
18 -28 -21 -25 10 10 0
-27 9 -6 0
16 12 25 -5 -19 0
8 17 27 -1 0
-28 14 -3 0
3 -7 18 0
-15 -15 -7 13 -13 14 0
21 -11 7 12 -10 0
-5 15 -8 9 0
-16 15 -25 -12 0
27 -11 23 8 -15 0
7 -21 24 2 0
-15 27 11 16 -16 0
-22 -26 -14 -18 -21 0
-5 8 21 24 12 0
-19 16 -11 4 13 0
-23 -13 0
-8 -4 12 0