c
c start with comments
c
p cnf 21 44
-16 16 14 12 -7 3 0
-5 -16 0
6 1 7 4 20 -3 0
6 8 -17 4 0
8 -18 -9 0
9 -13 0
2 18 -6 -8 -19 0
-2 16 0
8 8 -12 0
5 -2 0
20 -9 -15 -18 13 0
-4 9 -11 16 7 0
18 -19 18 -16 -13 -15 0
4 -12 -6 0
-7 -7 -11 0
-20 12 -3 14 0
-10 14 -18 -18 12 0
-11 -7 18 11 -10 0
-15 -2 7 -4 -10 0
-7 -16 -15 0
10 15 -18 0
-8 14 16 -12 -9 0
-10 -20 9 0
-19 4 -16 0
5 -9 -2 16 0
18 16 4 -1 16 0
13 -18 -3 -7 -15 -12 0
5 9 -3 17 -2 0
-20 -18 0
-13 -13 5 0
16 4 -2 -4 20 0
17 2 -20 12 0
-5 13 -18 0
-14 -18 11 0
-6 -15 20 10 -15 0
14 -5 9 11 0
7 14 -17 0
-8 7 7 0
-21 -13 -6 -9 3 -3 0
-3 15 -16 20 -19 0
-4 4 -8 0
-8 -18 9 18 -9 0
15 1 -15 -7 11 0
-14 -13 20 0