c
c start with comments
c
p cnf 24 74
7 -4 0
22 15 -6 21 -1 0
6 4 20 20 0
-8 -21 18 20 0
16 -13 -12 3 0
-5 23 11 6 0
23 -19 15 20 -16 0
-10 22 -8 -20 -9 14 0
-7 14 14 0
-12 7 -5 0
15 -16 0
16 -8 -16 0
-19 23 0
13 -14 -20 -11 6 0
9 -7 6 -21 0
-3 -21 -11 -17 12 0
-14 -15 -2 16 -12 0
18 7 -6 1 19 0
-17 3 23 -17 0
-20 21 16 22 17 0
-8 8 16 0
1 17 24 5 0
-4 -19 3 9 0
3 -2 17 22 0
-2 -22 15 0
-13 9 3 5 15 0
1 -20 -4 0
-18 -21 -4 0
14 -14 -21 5 -14 0
-10 -12 -17 -18 22 0
7 -14 8 -24 16 15 0
8 -15 -12 0
-13 14 21 -16 5 9 0
-4 19 -14 -2 0
-16 -19 0
7 -13 8 -4 0
-22 9 -5 4 0
15 13 11 22 -9 0
18 15 13 -4 7 -6 0
3 -5 -9 2 22 0
13 15 5 2 21 0
6 17 -14 15 0
-2 11 4 4 -5 0
-15 -9 -6 -3 11 0
5 -3 -12 0
-2 -18 -22 13 12 0
4 -17 9 -19 -3 0
-21 -11 21 0
15 -21 11 -2 10 0
-5 -14 -16 -11 0
14 -5 -10 3 0
21 21 9 -9 0
8 22 -5 0
-14 5 -23 -7 -6 0
-11 7 10 12 11 0
10 23 8 17 -9 6 0
13 -22 0
-17 -6 16 14 0
3 -22 -10 12 15 0
2 19 7 21 0
5 4 2 9 -11 0
9 14 -17 0
23 -20 16 -12 5 5 0
6 20 1 7 -21 13 0
-5 -3 -17 15 14 18 0
9 -21 -11 0
3 11 22 18 -20 -2 0
8 -12 17 -23 0
-15 22 0
7 18 17 8 5 0
-21 -15 -2 0
8 12 -8 0
-7 -4 -8 8 -23 0
3 -7 -3 -14 0