c
c start with comments
c
p cnf 17 60
14 -6 15 16 3 0
10 -15 0
6 -9 -15 -10 0
-1 8 -2 0
9 2 13 -5 -6 -14 0
11 5 3 0
13 17 -7 2 0
-13 -14 4 0
-13 15 -10 13 0
5 -1 3 -8 11 0
-3 9 16 -15 0
-16 -11 0
-6 9 -8 0
-5 -7 13 0
-8 -14 8 6 0
8 5 5 6 -8 0
10 7 -6 4 0
14 13 0
5 12 13 -8 -13 0
-1 6 7 0
-10 7 12 5 0
-11 -9 -3 -4 8 0
-12 12 16 15 0
9 -16 -15 5 6 -12 0
-8 4 3 -14 -9 0
8 -12 0
4 7 -15 8 13 0
-1 -4 -2 -5 0
-13 6 0
-12 8 -1 0
-4 -17 -12 -9 13 0
10 9 11 7 9 0
-6 7 -4 -14 2 0
5 -14 -14 0
-10 11 -3 -7 0
3 7 0
-16 2 -14 -4 0
6 -4 4 10 3 -14 0
-5 6 -4 17 -16 0
9 8 1 14 -14 0
12 -13 -12 -7 0
-2 -4 5 17 -2 0
-4 -5 13 -14 13 0
14 -10 -4 -16 5 6 0
5 -1 3 0
-10 -2 -14 0
-7 4 -9 8 8 0
-7 6 16 -12 0
1 5 0
15 7 -17 -12 -11 0
16 11 12 16 -17 0
5 2 -10 -8 -8 0
-15 14 5 8 0
9 -12 16 0
4 5 -14 0
-13 -2 -15 -6 -8 0
-2 -17 0
8 11 -3 -5 0
7 -8 3 -16 0
-17 -15 -15 -2 0