c
c start with comments
c
p cnf 28 67
-7 10 -8 0
-22 -15 -17 23 0
8 -19 13 28 18 0
-24 -19 8 28 -18 -4 0
-5 20 7 -6 -22 0
14 -9 0
3 11 -7 20 25 -1 0
-11 14 21 -25 13 0
-25 -18 -16 -6 -14 0
14 21 17 26 0
16 -15 7 -20 0
27 -21 -25 -10 25 8 0
12 24 -19 -16 -7 5 0
-3 10 0
-21 16 1 10 -10 0
16 8 27 5 -10 0
-28 -14 -8 24 -4 26 0
25 -15 22 -4 0
13 14 -3 5 -16 0
7 27 0
11 24 -13 24 3 0
-9 4 9 -10 -16 0
-16 12 -4 -12 -25 0
-27 14 0
-12 -15 17 -22 0
-23 -23 26 1 25 26 0
-4 -1 5 0
19 20 16 -12 10 -2 0
4 11 -13 26 0
-19 -24 24 0
11 -7 18 0
14 6 5 23 0
-14 10 14 0
-25 -27 -19 -15 0
15 -14 -4 0
18 12 22 10 0
-15 -8 -2 12 0
17 -1 -10 0
24 -11 -10 -21 11 0
24 -24 -9 0
4 10 15 0
3 18 2 -12 -2 0
28 -13 16 11 -11 0
12 16 6 -15 17 0
21 -6 -8 -17 -28 0
-26 -17 -11 15 0
21 -27 -4 -4 -4 0
18 22 0
-1 -20 27 0
-21 -17 -4 20 4 0
11 -1 0
17 11 22 -25 0
15 -19 10 -23 -3 28 0
1 -4 -21 16 0
-5 24 21 25 0
11 22 8 0
-16 -12 -9 0
-23 -10 8 -27 0
25 22 9 3 -2 0
5 6 3 28 0
19 22 -21 0
-24 25 -6 0
-21 -3 -21 0
9 -23 0
22 -1 0
12 -16 17 0
13 -26 -6 -3 24 -21 0