c
c start with comments
c
p cnf 20 82
-2 -9 -10 0
19 2 2 -3 9 0
11 -12 3 -10 0
-11 10 3 -2 0
-15 10 19 3 12 0
-2 -13 -13 12 0
19 -15 0
17 6 3 15 5 19 0
9 9 9 0
-2 -12 10 0
-7 6 -8 8 16 5 0
12 15 17 -3 -19 0
-1 17 5 0
-15 -11 -18 0
14 17 11 0
-18 16 -17 0
8 -17 3 -10 0
18 -7 16 0
4 16 -19 14 0
17 -19 -2 0
-10 9 14 14 3 0
17 -6 -10 16 9 0
-15 9 0
4 6 16 6 8 0
-2 7 -12 0
-15 -3 0
4 -3 19 9 7 0
9 8 -6 0
18 -17 4 -15 3 0
2 14 -13 -4 0
17 14 -2 8 -17 0
-6 -16 0
11 -15 0
-8 9 16 0
6 6 -7 9 -18 0
-8 19 14 -1 -20 -17 0
1 18 -11 12 12 0
-5 17 10 16 0
19 12 -11 -11 0
11 -17 7 0
-16 7 -7 -14 0
-8 -11 -16 -7 0
15 3 -9 19 -5 0
-9 -13 -3 0
11 -6 16 -5 1 0
11 -20 0
-17 13 6 -8 -13 0
4 16 2 0
7 -12 -2 -3 0
18 11 0
4 -20 -2 -19 5 -2 0
-6 -16 -12 14 0
-14 8 -13 -18 7 11 0
-9 -13 9 5 11 -5 0
-8 4 1 0
2 -5 -20 14 0
-9 -7 -12 -18 0
-17 16 20 0
-14 -11 4 17 4 0
-2 16 -11 2 -11 0
-15 -6 -13 8 6 0
-7 7 6 -2 17 8 0
-2 -8 20 -16 -2 0
-3 4 14 9 -16 12 0
9 19 0
-3 16 7 -2 -8 5 0
14 -8 -10 0
-6 -12 -14 -3 12 0
-6 18 13 0
15 15 13 -5 3 12 0
2 -6 0
16 -12 -4 -15 0
-15 1 -9 -15 0
10 14 9 3 0
17 -12 -12 -14 20 7 0
17 -6 4 -9 0
-17 -4 -14 -10 0
-3 9 -12 0
16 -8 -10 0
-16 15 -2 5 -10 0
-16 -10 -4 9 0
-8 7 6 6 15 5 0