c
c start with comments
c
p cnf 13 70
11 5 -12 5 0
-12 12 11 -1 12 0
10 6 -5 6 0
-12 -7 -11 -6 0
5 -8 6 -10 0
-4 11 12 2 0
11 -3 -10 -9 5 0
2 -2 0
-3 -2 -11 12 0
6 1 -6 5 7 12 0
5 7 -3 0
3 -5 4 0
7 -9 -6 7 0
7 5 7 6 -11 -10 0
13 13 -4 -1 6 -9 0
-11 1 5 0
-4 12 12 0
8 -2 12 5 8 0
-3 2 6 0
6 -10 -7 13 3 0
-8 10 7 7 7 0
-2 -5 0
-5 4 11 12 0
-7 -11 7 11 9 6 0
-12 -2 4 0
-4 -12 11 2 0
12 -8 -9 -10 0
-4 1 0
2 3 -11 10 -4 0
4 10 4 -11 -2 11 0
8 6 0
-4 -11 -12 -5 0
10 12 -9 -8 -2 0
-4 8 -4 0
-12 8 -12 -5 -5 0
-9 5 3 -6 -6 0
12 -11 3 -9 4 5 0
-9 -12 -3 -6 11 0
6 2 2 -11 -4 -12 0
5 6 -4 0
-6 -7 -7 8 0
-8 4 -9 3 0
3 -4 6 3 -12 2 0
-1 1 -6 0
11 -4 -4 -9 1 9 0
8 -9 -11 12 12 0
-9 2 -13 5 0
9 -1 -9 0
8 -12 4 12 -4 0
6 -5 -2 -7 6 0
-3 -3 13 0
-4 -9 -12 5 0
-11 -8 12 -3 11 0
13 1 -5 6 0
-10 8 0
-4 -11 -1 -8 1 0
-12 -5 0
-2 -9 -8 -7 0
-9 1 -12 0
8 -5 -8 0
-9 -1 0
-2 -5 2 -12 7 4 0
11 -6 -7 -2 0
12 11 -7 -1 0
-6 9 9 5 0
7 -1 -9 0
-3 -9 -9 6 0
9 -11 11 -4 -11 0
3 -3 9 -6 -13 0
4 -9 0