c
c start with comments
c
p cnf 30 58
-5 -4 25 0
18 22 -28 0
21 11 4 0
-12 22 16 -14 0
-6 -27 0
16 14 11 1 0
1 4 -13 -8 23 -20 0
28 7 -2 0
-5 20 -16 -21 0
-8 -5 -28 0
11 -10 9 0
10 -23 -4 0
8 3 22 0
9 8 0
-22 21 28 0
-18 -22 -15 -24 21 0
-18 -25 12 -3 -28 0
22 7 -24 -14 0
-3 27 -7 2 0
24 12 -6 -10 0
9 -4 8 -22 0
18 18 -11 12 -23 0
-8 -26 28 -4 0
25 29 -23 0
-19 25 -16 0
-17 -28 -14 -22 0
10 -8 1 -25 14 9 0
-28 -10 6 23 0
-27 -28 18 0
-25 13 1 0
-29 8 29 12 -11 0
29 -21 -6 4 8 24 0
-20 -9 3 2 -28 0
-6 -7 -11 -5 1 -3 0
-12 6 13 0
27 -1 25 0
-30 -26 -29 -22 -22 0
-5 -26 26 6 0
-5 -6 -2 -16 0
-3 22 0
8 -16 20 18 -4 -13 0
2 17 16 -17 0
-9 1 -19 0
3 17 -24 0
-6 -5 0
-16 22 -11 -14 0
-8 -5 21 -19 3 0
-24 23 -6 0
5 -20 -7 0
-23 -13 -26 -7 0
-7 -28 13 0
-21 6 -30 -22 0
25 -23 -26 0
5 -20 0
-8 -25 0
5 -9 -16 0
-28 3 16 26 0
6 10 15 21 0