c
c start with comments
c
p cnf 29 62
-17 -13 16 -9 0
14 -22 -21 8 0
-12 9 -3 2 -15 -1 0
-13 28 -25 25 -28 0
8 2 0
17 -25 -15 0
-28 16 0
11 9 0
13 27 -25 -12 15 0
22 -15 0
4 25 -28 0
-26 -11 -19 0
-4 17 -23 -22 17 0
-13 28 -25 0
12 -19 -18 -3 -24 -24 0
-14 9 -20 -14 0
18 29 -6 9 0
-11 -16 25 -8 0
-20 19 -2 -24 -25 0
-22 26 -8 0
-11 16 -9 24 -16 0
9 -22 9 8 0
-5 18 -17 2 -14 0
21 13 -12 7 -5 0
18 -10 0
-12 10 17 0
26 -19 -26 26 1 0
19 11 -29 5 -24 0
27 11 5 0
-22 -23 -3 -26 5 19 0
-15 -25 -12 11 0
15 -13 0
22 16 0
19 -15 -18 4 7 2 0
-26 1 -22 -5 -7 0
25 4 8 -17 0
-18 -6 -24 -10 -10 0
21 22 -9 14 0
-13 -3 0
-16 5 -26 -21 8 0
14 -16 8 28 0
18 28 27 -26 0
8 13 0
-15 29 8 18 8 0
-19 -15 0
-2 17 -3 -7 0
26 24 -8 17 2 22 0
22 -29 -16 0
-8 12 -26 0
-17 -2 8 0
-5 12 4 2 -23 0
19 -29 -21 -19 28 0
2 -14 -18 5 23 0
-23 -15 -7 18 0
-23 -16 0
26 -20 0
-28 13 4 0
7 28 -19 0
-6 13 -7 -17 -23 27 0
10 2 22 27 25 -21 0
-4 23 0
11 18 0