c
c start with comments
c
p cnf 13 48
-9 7 -8 -4 -10 0
10 -3 7 2 -6 0
8 10 -10 2 0
8 12 9 -12 -2 0
4 4 0
2 -9 -4 4 0
-2 9 -6 -3 -4 0
-13 6 10 12 8 5 0
-10 6 0
5 11 0
1 -2 -3 -8 0
12 -2 -1 0
4 8 9 -9 12 0
-3 3 0
-6 -5 0
6 -8 6 -5 0
7 4 2 -5 3 12 0
-13 2 8 0
10 -8 3 5 0
1 -13 -2 -6 0
7 -12 -3 -6 1 0
12 -12 7 12 0
4 5 0
-3 -11 0
-3 -10 -5 0
1 4 12 12 0
4 5 5 9 0
-10 -4 0
-2 1 -6 -3 0
8 9 12 5 -4 -3 0
5 12 9 0
3 -4 -3 -1 0
2 -5 1 -11 -3 0
-10 -6 12 12 13 0
9 4 -6 0
6 -7 0
-1 -7 6 -12 -4 -3 0
10 4 6 9 0
7 5 12 -11 -4 -6 0
7 7 2 0
10 12 11 0
-8 9 -6 2 0
-5 5 2 3 -4 0
-9 -8 -7 -4 0
2 7 -5 10 0
3 1 8 5 10 0
3 10 3 8 0
-4 5 12 -3 7 0