c
c start with comments
c
p cnf 24 89
-19 24 18 3 4 0
22 -21 -8 -13 6 0
11 20 5 -12 20 0
-21 11 21 13 -7 0
9 -15 -11 0
-19 5 9 23 0
-8 -16 -22 22 0
14 13 -16 0
16 -2 7 -20 0
-22 9 -2 14 24 -10 0
11 -17 -22 0
12 2 14 4 15 0
20 -13 -13 -15 21 0
8 -13 -3 7 0
-3 17 21 0
-2 17 14 -17 -16 0
13 -20 -12 0
16 -2 0
15 -2 17 6 0
17 -9 19 16 17 0
11 -19 2 18 0
-21 9 -20 -8 -7 0
-15 22 0
4 -3 3 19 0
8 19 -21 0
-9 21 4 -20 -10 0
-11 -6 14 2 0
10 5 -13 -23 -13 0
-2 7 -11 9 0
7 -10 -6 -12 0
-2 24 -12 0
5 3 -23 -8 0
1 20 3 -21 5 0
17 -4 0
17 6 20 21 -23 0
14 12 0
-18 -12 0
5 -9 -2 0
-5 -10 0
14 -8 -1 0
-20 13 0
-6 6 0
-6 -3 -23 0
8 -8 -24 -2 15 0
-18 -11 20 -18 0
14 -15 -24 -2 -21 0
11 12 -16 8 6 0
15 -24 4 0
-6 -6 12 8 0
22 -15 21 20 -13 -5 0
17 -1 1 -5 17 0
-23 1 -21 0
-18 17 4 0
20 16 -8 0
-16 21 -4 0
5 4 9 18 0
20 -20 6 0
13 -7 -16 0
10 6 24 3 0
15 -10 -18 -14 9 0
-13 -14 0
9 7 -22 -12 4 0
-7 -9 8 -23 1 0
9 9 -5 0
14 -10 9 -11 20 19 0
-19 2 13 0
7 11 13 0
-2 -22 23 0
-20 -8 0
-18 -17 0
18 -5 23 -10 0
5 10 23 -6 0
-16 16 0
12 -1 18 -12 11 0
-9 14 -3 -13 0
-10 2 14 -10 24 0
-13 5 -23 19 -2 20 0
22 -3 -17 0
7 6 14 -20 11 0
12 -23 10 16 0
16 24 -23 -21 0
-21 7 -24 13 0
-21 8 13 0
6 23 9 17 3 0
-23 21 17 16 9 0
4 5 0
11 -7 1 0
-9 16 9 0
7 15 -9 -15 14 0