c
c start with comments
c
p cnf 23 86
16 19 -22 -16 -9 0
-3 3 21 0
-3 8 -23 0
8 8 -9 -2 12 0
-21 4 14 3 0
-5 22 -22 16 0
-13 15 -4 22 -3 0
16 16 -20 -18 0
-11 -6 7 0
10 -8 18 -7 0
9 -4 0
22 -9 21 0
11 9 -6 -21 -9 0
-5 -6 -14 9 11 0
-22 10 0
20 -3 5 -14 0
8 -6 -20 15 -21 0
5 -12 -5 0
-18 -2 20 3 0
16 13 -5 -3 11 0
-20 11 -4 0
-14 -22 21 0
-5 -12 -2 0
-12 -1 21 -4 0
-9 -12 -18 -11 -13 0
20 12 -13 16 -14 0
-7 -13 5 -21 7 16 0
-7 10 -16 0
-1 -6 9 0
-5 22 10 0
-19 22 -20 16 0
-12 -20 20 -1 0
-16 -15 12 19 16 0
20 -10 -7 0
20 -22 0
16 12 12 0
20 19 0
4 19 -3 -18 0
-9 -12 -4 9 -19 -9 0
16 19 -7 -13 -8 -22 0
19 2 6 0
14 -5 -10 8 -14 0
13 -4 -15 -22 5 0
9 -8 9 -5 3 -2 0
15 11 -22 -4 16 0
11 5 -11 8 21 0
19 -11 22 0
-6 -16 17 5 22 0
18 -10 -20 -11 20 17 0
-8 -18 17 -14 -7 0
-21 -17 15 10 0
-22 -14 -16 11 0
-5 20 6 3 -14 0
-11 -11 5 9 0
6 1 16 -17 5 0
-17 -17 -2 4 0
7 7 -6 -18 -6 0
20 -11 12 8 -19 21 0
-20 8 -15 -1 11 0
16 -13 -5 11 5 0
-11 -16 -5 0
18 19 10 0
-20 5 10 0
21 -3 -12 19 0
-7 20 -15 -8 11 0
18 -3 -10 0
18 -21 -4 19 0
7 15 19 0
-8 -6 1 0
-12 -4 8 0
4 11 -18 -22 23 -21 0
-14 23 -12 -14 1 10 0
-11 9 -3 0
18 -22 -14 18 2 0
-11 3 -10 -11 0
-6 21 5 -16 4 16 0
-8 -13 2 0
-10 -3 7 0
13 -3 23 0
-14 -23 3 0
-11 -8 -13 -12 0
-14 18 -2 -19 0
-19 8 -7 -19 -3 -7 0
1 15 -13 -16 12 0
2 -17 16 -23 0
-3 -23 -7 -11 0