c
c start with comments
c
p cnf 28 53
18 -7 -21 0
-20 -20 19 0
-13 -16 25 -15 -20 2 0
17 -22 14 21 12 0
1 -14 0
8 -14 -22 -23 4 25 0
7 26 -25 -18 0
-23 -27 -24 22 -17 0
-1 27 -24 0
14 -9 4 0
22 -6 -15 -21 -15 0
28 -4 22 22 0
13 23 -24 5 -18 0
2 7 -3 18 0
-4 26 0
-8 -14 0
-11 24 19 10 -7 0
14 -23 21 0
-23 -11 -14 10 0
23 28 -9 0
-18 2 9 0
-16 25 10 -2 -20 -15 0
-25 14 -10 -8 -2 0
-26 9 10 0
17 20 -14 -27 0
-12 -14 -8 -11 0
-16 27 5 -16 0
23 25 1 8 0
24 -28 0
10 20 12 6 0
17 15 -14 -26 2 0
-7 -23 -7 0
-20 -3 -18 -15 28 0
21 -10 -21 -25 0
-27 -13 7 24 -10 0
-5 2 -11 0
-4 10 -12 0
28 8 -25 -28 0
-6 -24 21 -19 0
14 25 14 -5 0
16 13 -9 0
2 -7 2 0
9 -1 0
9 13 7 -9 -11 0
-7 6 -27 -24 -3 0
3 23 12 -20 20 0
-15 -15 10 -25 0
-17 2 15 8 0
-26 21 -22 0
-17 6 -15 -21 24 0
2 26 10 -24 0
-10 21 0
-9 -19 -26 18 -17 0