c
c start with comments
c
p cnf 24 73
14 -14 -20 -3 10 0
-23 10 -15 13 12 -9 0
-23 15 -4 3 -22 0
-3 -8 -15 -12 0
-21 -19 14 16 0
2 23 18 0
-12 12 2 24 -14 -4 0
3 3 -6 -20 0
15 23 20 19 23 0
-17 23 0
-21 -7 -8 0
21 -9 -22 -5 -3 0
-1 12 -22 0
-10 -23 23 17 -7 0
-23 8 21 -23 -20 0
-11 21 0
-22 12 2 0
21 17 -2 -5 0
-5 17 11 -24 0
14 21 23 18 0
-12 -2 -22 -21 0
17 11 19 2 0
19 12 0
5 15 -20 0
9 5 19 23 0
10 -7 2 0
-4 -15 -8 -21 0
9 -8 22 -9 -20 0
-8 14 22 12 0
-23 23 5 -23 0
-18 -9 0
-1 10 16 24 0
-20 -11 0
13 -7 -12 2 0
19 12 -12 -23 -4 -19 0
-10 11 0
-6 -1 -6 5 -5 0
-2 4 3 18 19 0
12 11 -13 -11 0
12 -24 8 0
-13 -16 7 -2 0
21 -13 21 15 0
4 13 18 -22 -7 0
-17 6 0
20 -14 -23 -5 -8 0
11 12 -5 -10 -3 0
-24 19 2 8 0
-14 14 11 0
-13 17 16 2 0
13 16 -20 8 23 0
-16 -6 -19 0
-20 20 -8 9 18 0
23 4 7 7 -10 -12 0
16 -4 -18 -15 0
-4 -16 17 9 0
2 -12 -21 -4 -21 0
-4 -12 -9 0
11 15 0
22 -18 18 2 10 -18 0
19 -6 14 -22 0
14 -15 0
-1 7 13 5 12 0
-3 14 -5 0
-9 11 16 0
6 15 2 -16 13 -13 0
-15 20 0
22 20 23 16 0
19 15 -8 -1 -2 0
19 15 -8 -23 0
-24 22 23 17 10 0
-20 16 -17 -7 0
23 9 -2 12 -11 0
19 13 2 0