c
c start with comments
c
p cnf 18 65
-8 8 -9 9 8 0
5 -16 14 16 0
15 -15 -9 11 -8 -4 0
9 -13 11 12 6 -6 0
3 12 -4 -6 -12 0
-17 -6 -2 0
-15 -15 -6 17 2 0
17 -10 -2 13 -5 0
-14 4 7 16 -17 0
-4 -7 0
-5 3 12 0
6 -14 -13 -1 -14 14 0
7 12 -14 -14 0
-12 -14 -12 0
4 11 -10 18 -10 -6 0
-18 9 12 0
-2 -4 -4 0
-6 -1 5 1 0
-8 5 9 4 0
7 10 7 14 7 0
-9 -3 12 -12 -4 -8 0
13 7 14 -8 0
-6 16 12 0
13 -7 17 2 0
-13 16 12 -14 0
16 -14 -1 3 -8 0
-14 -15 6 1 -16 -3 0
18 16 -16 9 0
2 6 -14 -10 0
-13 -3 -15 5 0
-5 -10 8 15 0
9 2 0
8 17 -14 8 -4 0
-4 -4 14 0
5 -17 -16 -8 -6 0
-17 -6 8 5 0
7 12 3 0
-16 -17 0
18 -10 -14 6 0
-12 -14 -13 13 -7 -4 0
6 -16 5 -11 -10 0
-5 14 -9 14 -17 1 0
14 7 -5 -11 -3 0
4 5 10 0
-11 15 -12 0
-14 -17 7 -8 -4 -6 0
4 4 0
8 18 0
9 11 -2 -15 0
-10 -17 -12 -3 0
14 12 -12 -14 -16 11 0
-17 -10 -4 13 4 0
16 10 -7 3 8 0
-8 3 0
-8 -14 0
-2 10 0
-7 7 8 -14 0
10 4 17 0
17 1 -6 0
3 -5 -16 3 3 17 0
-2 7 -4 0
12 -16 16 -12 7 -9 0
-11 16 -3 0
-14 14 -13 -13 -10 12 0
-6 5 17 -6 0