c
c start with comments
c
p cnf 24 46
14 18 8 -1 -9 0
1 -17 -24 4 0
-17 21 15 5 19 0
-7 19 -16 0
24 -23 0
22 4 5 -16 -3 0
23 4 -17 2 -21 -3 0
-11 24 -20 7 5 -6 0
18 8 12 -21 0
13 -18 -19 -9 0
12 2 11 -11 0
5 17 -6 -12 0
-5 -12 23 -19 0
-14 -22 7 8 -8 0
23 -24 4 -16 0
24 13 -7 0
-8 10 -3 22 0
11 -9 12 0
4 7 -14 -24 0
-21 -21 21 21 -4 24 0
4 15 11 13 8 0
-23 -2 -12 11 0
16 -22 8 0
4 -10 20 -14 -18 -10 0
17 -8 7 0
-6 3 16 13 -9 0
15 6 -10 -20 10 13 0
4 19 -17 -22 -21 0
12 20 22 2 -5 0
-2 -3 3 -17 0
-14 -20 -14 0
20 19 8 0
-13 -16 -17 0
-9 24 0
-17 13 14 0
24 -10 -15 17 -21 0
3 8 2 -17 0
-6 -23 17 0
-6 -6 0
16 17 11 -7 11 0
12 3 9 3 0
-4 11 -22 -22 0
11 14 16 15 -10 0
21 -7 21 -7 2 16 0
-20 6 -24 20 11 0
-21 18 -21 -18 15 12 0