c
c start with comments
c
p cnf 13 65
4 13 -11 -10 4 0
-10 1 2 0
9 -12 2 -8 -12 12 0
-9 -9 -7 -12 13 0
-6 -11 -6 -2 5 0
2 -12 6 -13 8 -4 0
11 2 9 0
-12 4 -11 0
-10 2 5 -3 -12 0
5 -11 11 0
10 -8 -2 4 0
6 -12 -10 7 0
6 -6 -1 0
6 9 2 -10 5 -4 0
12 9 -13 7 0
-6 9 -8 -3 0
6 -2 12 2 10 0
9 6 12 -5 9 0
12 -6 0
7 9 11 12 -2 -1 0
-6 4 -10 -8 0
-9 6 4 5 -2 -10 0
12 2 -7 0
9 4 -11 9 13 -13 0
-9 5 -9 0
4 -1 -3 5 0
11 -10 0
3 -5 4 -8 0
-5 5 0
6 7 -5 -3 5 0
4 -9 2 0
-3 13 -7 0
-12 5 -13 0
-8 -6 -13 11 12 0
-9 10 8 6 -13 -2 0
6 -4 4 10 -9 -5 0
3 -6 11 0
-10 6 0
4 -3 5 0
-11 -4 0
8 9 -12 0
5 -9 0
13 -9 4 1 -5 0
5 12 -3 2 -4 -3 0
7 8 6 12 -9 0
2 3 -12 -6 -2 0
6 2 -11 -7 0
13 5 -7 0
-6 3 4 -2 4 -10 0
-10 12 5 0
4 -6 -10 0
-5 6 -3 4 0
-9 8 -4 0
-9 -7 10 10 -6 0
9 9 10 -4 -4 13 0
2 2 -11 -7 7 0
6 -3 4 -4 -5 5 0
11 -9 7 12 13 -1 0
-12 9 -7 -5 -6 0
-13 3 4 0
-7 -9 5 0
-9 2 -12 13 0
6 -12 -9 4 8 0
6 -6 0
5 10 -4 9 4 0