c
c start with comments
c
p cnf 31 41
-30 5 -4 -6 0
-30 18 -13 31 15 13 0
16 -14 -19 13 0
-16 22 10 -27 -9 -27 0
-8 10 -24 -22 2 0
23 27 -15 23 -9 0
1 24 29 9 29 0
-27 -16 15 6 -12 0
-8 -11 -20 21 0
-15 14 13 28 0
3 19 9 -1 0
29 7 11 -14 -13 0
-12 22 19 2 -20 0
26 -8 -19 19 0
-28 -29 -6 -27 -11 15 0
27 -24 -1 0
-13 11 7 -10 9 0
28 16 12 0
-29 -4 15 -14 0
12 23 -6 0
12 -20 -12 29 0
8 -15 16 0
-21 -25 -31 0
28 -6 27 0
19 -6 12 5 0
-27 -13 18 0
20 -22 12 -19 -29 0
3 -1 -7 0
-11 -27 28 -13 0
-9 14 -26 -9 3 6 0
-5 -21 22 0
14 4 1 -1 9 0
12 -14 -30 9 26 9 0
-14 9 26 18 20 -20 0
-31 -30 -27 0
-30 -9 -15 -1 27 0
-12 -16 -11 -15 6 14 0
-17 8 -20 -21 0
3 -23 -17 -23 0
-22 6 -21 -5 21 0
-3 -10 21 0