c
c start with comments
c
p cnf 15 79
-5 -12 13 15 -2 2 0
13 -11 11 5 -11 -11 0
6 5 -1 2 0
14 -8 4 4 10 0
12 7 5 5 0
4 11 -4 8 -5 0
-7 2 10 2 -10 0
-14 -14 -4 0
15 14 0
10 6 7 13 -14 -3 0
14 -10 9 -10 -3 0
-6 8 7 -7 10 0
-14 5 -3 13 -8 13 0
7 -13 -14 13 0
-13 9 15 0
-14 -13 0
10 7 -13 15 0
-9 1 -2 -2 10 14 0
8 -7 0
8 9 -13 7 -9 0
4 7 -8 9 13 8 0
11 10 6 -9 0
-5 11 3 -10 -6 -12 0
-4 -8 10 4 0
-6 15 11 0
-5 -7 -11 0
15 -5 -10 14 -13 0
-6 10 6 -11 7 0
2 5 6 12 -3 0
-3 5 -11 14 0
-6 -8 0
12 -12 -15 5 0
-12 9 6 0
-6 -6 3 2 6 2 0
-15 -10 -5 6 14 0
-2 5 -2 5 12 0
14 1 11 -13 10 0
-8 4 0
5 -11 -6 -11 -14 -10 0
1 -1 10 -5 -3 0
14 8 11 0
13 -9 -7 7 10 0
-13 -14 14 -10 11 0
-3 9 -2 -12 0
13 -8 6 5 -13 5 0
11 15 1 0
15 8 -10 6 0
9 -2 -12 12 0
-1 14 9 0
-7 -8 14 11 -8 -7 0
1 -9 -7 -2 0
1 14 0
-1 -8 -13 4 8 -10 0
4 5 3 1 0
-7 -13 -10 -14 -12 1 0
5 1 -3 6 -14 -8 0
-14 5 2 -10 9 8 0
3 2 1 2 0
11 -4 -12 13 0
9 -7 -2 -7 0
8 -10 -2 -13 0
6 -7 3 -9 -15 11 0
14 -6 11 -8 5 14 0
-4 3 9 2 0
4 -10 4 0
-1 -2 10 4 0
-4 -13 -5 7 9 13 0
9 -15 11 -5 0
12 -6 15 13 13 0
-9 -2 0
-10 7 0
-12 -13 7 4 0
7 -5 0
-13 -1 6 8 6 6 0
3 1 6 6 0
8 3 4 0
-3 15 -8 15 0
8 -4 -4 -8 0
-2 2 5 11 7 0