c
c start with comments
c
p cnf 22 72
20 22 6 -17 0
-15 19 0
6 -5 -20 0
-4 7 0
15 -4 13 0
20 17 3 0
8 2 -2 0
12 -4 14 18 -21 0
-5 11 17 17 0
-2 -2 0
2 11 21 0
-18 -20 6 0
9 7 4 5 3 0
9 22 18 3 0
-7 -16 10 0
-14 -8 -19 -12 7 0
15 -8 -18 -21 0
-12 -19 -12 1 0
19 4 -9 -8 0
13 -18 1 15 -7 0
-17 -17 8 -9 4 10 0
16 13 -21 0
15 19 0
-22 5 11 -15 -19 0
-5 7 -3 0
-6 17 0
-3 -20 -9 -21 0
13 -15 0
-22 -8 19 -4 6 0
1 11 -17 0
10 -3 21 8 7 0
-6 -13 7 -7 0
-11 17 -4 20 -17 0
20 19 19 0
-7 -9 -18 -5 0
-19 -11 5 0
-2 4 -22 -4 0
-21 4 -8 19 0
-16 -14 -18 0
1 2 -2 0
-20 9 3 0
-10 7 18 -22 0
5 22 -19 6 0
-19 -6 0
11 1 -18 -14 0
18 17 0
-21 -12 -17 9 -11 0
-12 3 14 -18 0
-21 19 19 -1 -5 0
-2 22 -11 21 0
4 13 13 14 2 -12 0
4 -21 -18 0
-4 -20 -15 -11 0
17 -12 -3 -17 8 10 0
3 21 -7 0
-12 9 0
16 -7 -19 0
13 13 -20 0
11 16 17 8 0
-6 13 -17 -13 0
-12 12 11 7 -1 19 0
-3 20 -16 19 -18 11 0
21 -8 21 14 -18 -10 0
8 14 4 0
-18 -9 -7 -20 0
7 -13 -20 0
20 -18 -18 0
12 5 2 2 20 0
-19 17 0
2 12 7 0
9 5 13 5 0
17 -8 13 0