c
c start with comments
c
p cnf 22 40
-9 18 4 0
-13 14 0
21 2 0
1 -11 -22 -5 -10 0
10 22 -10 22 0
-12 14 -17 -18 -7 0
16 -11 0
-12 19 -4 -6 -19 0
21 -18 -4 -13 16 0
6 13 18 22 19 0
2 7 9 3 0
-22 -14 -4 0
-8 17 -17 0
20 -17 14 -17 4 0
10 16 6 -16 0
-17 8 17 15 0
3 -2 -8 -18 -16 -10 0
-20 -19 -20 15 -2 -4 0
7 -12 0
-5 -14 16 -9 9 0
-3 -8 -13 22 -20 4 0
16 -4 15 -9 0
-20 -15 -18 10 11 -13 0
-17 11 -12 19 0
-9 17 -19 11 -14 0
-13 -9 0
6 15 7 -10 -7 0
-2 21 18 -10 0
12 -5 1 0
18 -20 4 12 19 0
-9 9 17 -20 15 0
6 -19 -2 4 0
-6 -5 20 0
7 6 20 20 6 20 0
-12 -5 -18 0
6 12 11 -2 -14 -18 0
19 20 -6 8 0
-12 -5 13 6 4 0
2 13 18 0
15 2 -3 18 -12 0