c
c start with comments
c
p cnf 18 86
6 -15 12 0
14 8 5 0
15 15 15 0
6 -10 -10 0
4 3 11 13 -15 0
17 -2 11 -17 0
-18 -8 17 2 -17 -7 0
-13 13 15 -17 -5 0
-3 -5 7 -14 4 -9 0
14 -15 -13 -8 0
-7 -18 0
13 -6 16 0
-2 10 0
-7 11 -14 -14 0
-17 -6 14 -8 2 0
12 -15 -7 14 0
6 13 16 -1 0
-14 -13 -6 0
14 16 0
-2 4 18 6 14 -15 0
-9 13 -8 2 0
-14 -10 -16 -1 3 0
12 -17 7 -3 0
15 -15 8 0
12 -11 12 1 9 0
2 -7 13 4 3 -6 0
-12 -8 17 4 0
10 6 -15 6 13 0
-10 15 7 -15 12 0
-8 13 3 -15 0
-11 -2 7 7 -16 0
3 -12 11 0
7 -4 -17 0
13 10 -7 9 -9 0
4 15 18 -6 10 5 0
-14 4 10 11 0
-7 -14 4 8 -5 10 0
-14 16 -16 -8 0
8 -5 8 7 -3 -11 0
16 -8 -13 -4 0
5 10 11 -16 0
11 15 15 0
-8 -3 16 2 -18 -12 0
1 12 -15 2 2 0
-14 -5 7 -15 0
-4 9 -9 -11 2 -5 0
8 12 15 -10 11 -3 0
10 7 12 8 16 11 0
-8 12 -6 0
-2 13 -2 -5 0
3 -17 -9 0
-4 18 -6 -11 0
-18 11 -3 14 -11 0
9 17 0
-18 12 -16 0
-10 -7 -11 0
13 3 -13 0
-16 -1 8 -7 -16 0
-13 13 -8 0
-13 10 8 0
-12 16 5 -15 -7 -4 0
-2 -9 16 -14 -1 0
16 -3 -14 0
-6 -17 10 -4 2 -16 0
-6 5 18 2 -13 0
13 4 0
-7 13 -15 -9 0
3 -5 -8 12 0
9 5 -15 15 16 0
2 11 -8 -8 -6 0
-9 -12 7 0
8 -4 0
-18 17 0
-12 -12 12 -11 0
-10 5 12 -3 0
-5 13 -3 0
-6 17 7 0
16 -7 17 -2 0
3 -14 9 4 9 0
-15 -17 12 0
4 8 5 0
16 -12 11 4 0
-3 8 0
12 6 -16 0
4 -11 2 0
6 -13 -7 3 -14 0