c
c start with comments
c
p cnf 37 125
-14 -11 -34 0
8 -17 6 0
-4 -26 30 -8 -12 21 0
28 -32 18 28 -37 -19 0
35 -24 8 0
4 3 28 -37 0
-36 3 35 0
-17 -5 -12 0
23 -12 -23 0
19 37 26 -10 20 0
14 -6 5 27 0
28 -26 -33 -34 6 0
5 -28 0
9 -34 9 28 34 0
33 -15 1 0
24 10 -37 -4 17 -10 0
-26 -25 0
19 -13 -35 4 0
19 -27 -18 4 -11 0
-32 -15 5 16 19 -11 0
21 -24 30 32 0
-32 10 -28 0
-3 -26 33 -6 -7 -1 0
18 -4 36 0
13 23 0
31 -10 -13 0
37 -34 6 32 0
19 -17 -14 0
8 5 26 16 0
-26 -30 -26 0
37 10 32 16 0
21 -6 0
-26 -19 12 4 26 0
-26 -35 -21 21 -34 0
-2 -4 18 0
3 7 25 0
12 6 0
25 -27 13 17 0
21 -10 0
-2 -19 -2 -36 -5 -24 0
17 11 12 7 31 -16 0
-2 26 30 0
-35 -20 14 0
28 -9 35 -13 0
4 2 0
-18 -25 27 -30 0
37 -27 20 -9 0
-1 -18 2 0
11 16 1 -13 10 -17 0
31 -13 -26 -29 0
24 33 -22 -6 0
-12 8 -34 5 0
-16 -5 17 18 30 0
31 -18 22 -13 18 -11 0
6 5 23 0
29 -33 33 -3 0
-33 13 -9 -27 11 -12 0
-7 24 -18 -18 0
-11 -24 -14 0
32 20 20 0
22 21 -4 0
15 37 -31 27 0
18 -6 -21 -9 0
26 -5 25 17 0
13 -30 0
-8 -3 32 -19 0
6 8 4 0
-9 -31 -9 1 -33 3 0
21 -21 -29 -36 9 0
12 14 19 20 0
-34 25 15 0
28 -25 16 0
-30 -14 -6 0
1 2 0
14 -34 -32 -12 25 25 0
-36 36 -8 -31 -37 -21 0
-13 32 -4 13 2 0
11 -17 -3 -19 3 0
3 32 0
34 -10 0
27 29 18 0
15 26 -6 0
27 30 11 -31 30 -6 0
-32 14 0
6 -5 29 -31 0
19 -33 31 30 -28 0
7 8 -7 34 14 0
-8 -24 26 30 0
-24 13 -11 0
29 -27 29 0
18 -29 -31 22 0
-3 -37 3 0
31 28 -28 -12 33 -30 0
31 -15 -2 2 0
-21 14 -13 -18 36 0
-24 15 37 -6 0
-34 -25 0
20 -23 21 2 0
29 -31 28 11 0
31 31 -19 -15 25 0
-29 -30 0
-6 25 0
-36 22 -12 32 30 14 0
-8 -23 -6 27 0
4 -23 12 -11 -28 0
32 -14 6 0
16 -22 17 -14 0
-11 -19 29 0
28 -26 3 0
32 17 20 -25 12 0
-6 -11 0
-2 -21 -22 5 -33 0
10 24 -13 -16 -8 0
-17 -23 26 -37 -8 0
-17 26 22 0
22 -8 33 -16 0
19 20 -9 -30 18 -20 0
-16 2 24 0
-22 3 36 22 0
-29 -23 0
-21 8 23 -21 16 0
-33 33 7 0
7 -4 20 32 -17 0
-1 11 -27 0
-9 -22 -29 -6 15 -18 0