c
c start with comments
c
p cnf 67 238
42 -37 -13 -33 0
20 -44 -1 66 0
-21 -12 -63 22 0
61 14 -34 52 0
21 -2 -6 0
31 -65 53 0
20 61 -66 -9 9 0
39 24 35 0
12 -16 -18 -51 0
20 48 -28 -5 0
-9 62 -39 0
50 -57 38 15 -18 0
-31 -29 -14 0
46 4 0
-50 -36 45 0
29 22 -34 0
54 66 65 -48 0
15 -17 -27 60 0
-52 -33 -50 0
-34 41 -6 4 21 0
57 -29 -23 0
-45 -26 0
-11 -6 -21 21 67 0
-42 37 38 -50 -35 0
44 -22 -45 -24 0
-57 -41 0
60 -40 -37 0
17 29 -15 0
64 -12 49 0
17 10 -23 -28 10 -7 0
-10 -39 0
40 65 65 1 0
3 -30 -27 65 30 -22 0
-2 14 0
-40 -57 5 -32 0
-19 -24 51 53 66 10 0
3 40 -37 0
-39 32 -50 44 42 0
61 61 57 0
-8 39 33 56 0
49 -14 -43 27 13 0
-22 -18 -33 -24 0
6 1 -34 -62 0
-10 44 -7 0
2 -54 23 11 30 -17 0
-50 -51 -33 65 -33 0
40 -61 -57 -5 0
61 14 14 -33 -18 6 0
-58 46 10 8 53 0
39 1 -62 30 -30 0
-17 -54 5 -34 19 -45 0
34 36 25 -13 0
-56 -60 13 61 -47 0
9 -29 35 -20 40 0
-44 -47 0
-27 -6 -39 -3 63 -54 0
-38 36 -38 -39 -45 -36 0
-35 -29 0
14 60 6 13 -32 0
-20 47 0
-1 66 45 0
10 27 0
-39 -11 3 17 62 0
4 52 -37 39 -8 5 0
12 30 -28 61 59 0
35 -23 -14 -58 0
37 -1 50 -28 44 50 0
64 27 -7 -11 -63 0
53 -63 50 -20 -12 0
20 48 -55 14 16 0
-12 -15 -44 -57 0
-60 42 28 32 63 0
-64 57 16 0
61 25 -4 -39 0
-38 -10 17 32 6 0
-63 -16 -49 0
-49 24 -45 -39 47 0
-7 22 -61 -6 -43 0
-30 41 20 39 7 0
-29 -2 23 17 3 0
43 -31 6 4 -55 3 0
-21 23 -64 -53 53 0
-9 -5 12 0
-8 -62 10 9 14 -18 0
7 16 11 -42 3 -30 0
51 36 -31 0
62 -26 14 48 -3 0
-10 -9 -16 0
23 -9 -32 -42 25 -32 0
64 11 -3 0
-3 40 34 -19 0
-22 8 22 -17 0
62 7 -18 49 50 0
-40 18 59 0
9 53 -13 0
-28 62 33 0
56 -38 0
-64 -32 -60 0
-2 -41 -27 -9 0
-38 -31 21 -29 0
-55 -57 -45 0
51 -47 55 5 57 10 0
-29 36 -11 0
10 -48 -28 -12 28 0
-48 38 50 -44 0
-24 -15 60 7 26 9 0
60 -20 53 49 0
-2 58 -28 16 0
53 -23 0
-45 -5 -34 0
-14 55 45 0
48 27 -50 4 24 0
26 -55 62 -43 0
-26 58 -45 0
6 21 -45 0
58 12 0
15 4 61 15 -49 49 0
-3 39 0
30 54 0
48 7 -41 -37 0
-55 -14 -6 10 -17 0
-16 40 44 -12 64 0
65 50 -29 -18 -6 0
-53 -1 55 47 -62 -50 0
37 -28 54 -11 0
46 -17 58 0
-20 -39 45 0
40 -19 -54 0
-8 20 -39 24 -65 0
-22 -30 53 0
-63 21 61 -21 -12 0
3 -33 -3 0
-42 -29 0
6 -5 60 -53 0
25 12 0
-11 -8 6 10 -10 0
5 49 -57 7 -9 -21 0
12 -61 38 0
-39 -39 21 23 0
-19 -17 62 -21 -12 0
-16 -16 0
60 -13 0
64 27 0
-11 45 -21 28 0
-59 31 0
-15 46 0
-57 5 0
-5 24 43 -24 -27 0
41 -29 -43 0
-5 -8 -62 2 -44 0
-55 -37 -38 25 3 0
4 1 -34 2 0
8 -54 21 49 22 0
-45 -9 24 30 -26 0
30 66 34 0
-25 -49 0
-32 -65 -46 22 0
61 -25 -43 -21 0
-40 -8 -42 45 0
59 65 -17 6 -15 0
23 -45 0
-39 38 -47 -56 0
-63 5 -14 -23 0
48 64 -63 31 54 56 0
50 45 -43 9 0
59 39 18 45 -62 0
12 5 -57 0
-40 -59 12 50 0
29 35 27 -49 0
-45 16 0
37 63 56 -56 58 0
54 -16 3 -2 29 -11 0
-33 42 -49 -41 -64 0
-28 -12 66 0
13 -34 20 19 0
51 -10 56 -31 0
65 -33 5 -18 0
41 49 0
-44 10 -32 -57 -46 0
-61 -61 -48 22 -54 0
19 16 -9 -58 0
-15 52 7 15 0
-54 -34 -5 52 15 0
56 -57 -31 0
-34 1 -8 6 -5 -32 0
-31 -7 -50 0
-27 -22 0
-17 -19 -24 -37 42 0
-4 -58 -24 -60 -12 0
28 -59 25 -63 -31 47 0
-15 46 26 23 -32 0
-14 29 22 21 0
41 -61 65 0
14 -25 -5 0
6 -60 60 -34 -16 0
-35 -11 43 25 44 0
54 24 -48 0
-67 -28 57 35 0
19 -10 38 -31 -5 0
-19 16 42 29 0
27 -34 62 -16 0
45 40 57 56 0
57 -2 -5 -43 0
9 24 -44 0
27 50 53 28 0
-51 -25 6 31 0
64 -53 0
48 48 18 -3 -64 0
-22 -65 -2 0
60 -12 -49 -31 -48 21 0
-25 57 9 0
53 -34 0
-39 14 11 -60 53 0
-11 32 32 0
-58 -36 45 40 24 6 0
-60 30 29 1 0
-9 -35 49 0
-35 43 0
12 -60 0
43 64 0
43 -66 28 -1 0
24 47 -11 64 10 12 0
40 -54 -67 0
15 -5 -20 0
-52 -46 25 -34 0
-42 22 40 0
22 -58 -40 7 54 0
-15 26 -18 -5 0
-62 -4 -28 -35 22 27 0
-34 -14 53 0
49 53 60 48 38 13 0
-59 49 59 14 -47 -44 0
50 -14 14 -61 -28 0
-48 -2 -40 0
13 51 10 -44 0
-55 -50 13 -27 -12 0
-23 22 9 5 0
-46 2 58 40 2 0