c
c start with comments
c
p cnf 44 105
-13 -33 5 0
-19 -4 0
-33 16 34 0
23 21 16 35 42 0
20 -34 0
40 -10 -4 0
-25 6 0
-41 25 -22 -24 30 0
21 9 1 -18 13 0
22 10 38 -10 9 0
-30 -30 -22 22 -30 5 0
42 -35 10 22 -11 0
-26 -29 -20 9 30 0
-28 -18 -44 -12 0
13 -1 -40 13 0
10 32 7 34 -32 0
-32 -40 -30 26 23 -15 0
29 18 -39 43 -8 -5 0
-41 -16 -6 0
28 16 42 -5 -41 0
10 4 -4 -19 -20 25 0
32 -7 11 -23 -44 0
44 -35 -15 0
32 12 -41 11 40 34 0
-16 -5 -30 -27 0
-38 -31 5 0
-27 -25 21 -15 4 0
-24 -2 10 -34 34 0
27 -2 34 6 39 0
26 -8 25 16 -37 0
-28 -4 34 35 0
-12 3 5 0
-33 -5 25 23 16 0
-29 -38 0
-17 41 0
-12 -3 -33 -29 6 0
-12 -24 0
-27 34 -36 0
6 29 0
30 -16 -32 24 0
-4 13 0
-22 11 33 0
-38 -15 -15 0
-28 -24 41 -5 0
-33 25 -12 2 -39 0
-28 -22 -7 -31 -36 -14 0
-42 -36 0
29 -15 22 -30 26 0
43 -3 19 0
8 21 33 42 -31 1 0
-25 18 29 0
29 -7 1 -35 -17 -34 0
-32 26 38 0
-41 -29 -11 0
34 -14 43 37 -19 0
-36 -35 22 28 0
-30 -43 -28 18 0
-29 -30 -20 0
32 -36 31 0
28 29 22 34 -5 27 0
30 -24 -15 -9 -28 0
-5 37 -31 28 -39 36 0
-9 1 0
-1 -18 -7 0
28 16 0
31 -29 -12 43 0
31 35 23 28 0
-5 41 11 -25 6 10 0
43 38 -24 -8 0
-24 -23 34 0
-33 -33 0
26 -8 0
32 38 0
-7 1 -40 0
-28 22 31 0
38 -27 41 0
-19 38 27 23 0
-17 14 -7 16 0
-6 4 12 37 0
13 -13 -22 -25 21 0
-36 25 42 -26 -16 0
-41 23 27 11 -21 8 0
4 -31 -21 -11 -6 0
18 -35 -31 0
-1 -29 -5 0
-8 -40 -43 -13 0
40 -18 0
8 35 4 28 17 0
34 -38 1 -40 4 0
42 34 38 -37 0
8 -42 14 -11 11 0
3 17 -42 19 -15 13 0
-25 22 -1 15 16 -33 0
-18 19 31 3 0
-10 15 -35 -36 0
42 -14 -41 0
-2 40 5 15 24 0
24 -43 23 -4 20 0
29 -41 -35 0
24 -5 28 7 -31 0
32 -14 -41 0
24 -14 0
-32 -3 -17 0
39 -35 25 0
3 21 -31 -15 35 0