c
c start with comments
c
p cnf 82 228
25 66 -76 22 -55 0
42 65 -14 -44 37 0
68 -78 -57 -8 0
-38 32 57 -64 -13 0
-52 -9 0
25 7 69 -63 0
-61 49 -50 0
-11 -14 62 0
2 -37 19 -32 0
-30 57 30 25 0
-48 -35 0
-68 78 33 -78 -37 0
49 -42 18 20 66 0
-21 27 0
80 -47 -82 0
81 -71 -40 69 -16 0
-68 -62 0
68 -34 61 -7 0
80 -69 -20 -10 0
35 57 -44 -38 22 0
-11 -75 66 0
-58 -9 74 4 0
-9 20 -63 -50 -33 67 0
42 79 -64 -67 -42 -40 0
71 -79 -19 -60 -37 -68 0
29 -25 32 -79 54 0
75 -27 -69 70 76 0
74 -72 24 14 38 0
-15 -53 37 0
-44 28 -82 0
39 7 44 46 -55 0
-8 -39 30 -7 0
11 60 5 -54 0
-47 22 1 69 -32 0
-43 -26 0
79 -81 -41 -81 -37 0
-32 75 49 69 17 -64 0
43 33 37 -4 0
-59 65 -35 0
-6 4 -43 34 -17 0
-52 77 23 -38 24 -38 0
64 -52 -41 0
-72 73 -37 -13 28 0
63 24 3 0
56 -72 0
64 -8 -69 -35 24 0
-23 75 72 -80 46 -75 0
57 -27 50 68 -60 0
-41 -40 44 20 -79 -52 0
23 -74 51 -50 -41 0
-6 41 70 -27 0
54 -75 -18 7 45 0
54 -11 -70 68 73 0
79 66 -53 -59 0
76 27 65 -11 -77 0
36 22 -51 -38 -54 0
-1 23 18 0
12 -45 58 -82 0
-34 -26 -48 -33 28 0
65 -48 -25 28 -12 0
46 65 -62 45 0
-59 -55 0
-68 60 -55 -70 31 0
38 17 74 31 -35 48 0
-79 -24 0
7 -53 -39 -19 0
-18 69 -22 -35 0
29 82 -37 40 40 -43 0
-74 21 -66 0
46 3 69 0
-35 -68 -81 -17 0
-54 59 20 -3 0
45 -22 0
64 -62 66 -76 17 0
35 6 42 -55 58 -45 0
-12 -23 63 41 -64 0
45 -65 15 28 22 19 0
-68 78 0
56 -33 0
53 -52 -23 -65 76 0
-23 -30 -46 52 57 67 0
44 -11 50 51 0
52 -77 75 0
-5 33 -26 -2 -69 11 0
-7 -56 0
-7 57 61 -76 0
-70 67 65 50 0
33 19 68 -4 -43 41 0
40 -59 44 0
18 57 -47 54 13 0
14 -48 0
-8 -46 0
66 -52 -67 0
-23 18 -75 0
-14 59 21 0
6 14 23 26 -3 0
35 32 11 -41 0
-34 66 -37 0
45 -24 46 -40 0
34 55 -51 0
48 29 59 58 0
70 29 32 41 0
73 -6 0
-37 -3 0
61 33 0
-30 -11 -14 -75 9 0
73 -80 63 -2 0
-66 -74 -43 58 -58 36 0
15 -41 0
-54 -54 -65 -56 0
58 -61 57 27 0
-63 22 -29 0
-7 36 19 0
46 80 -22 8 0
59 55 0
-7 78 59 47 19 0
-17 41 -65 0
-38 -14 -23 80 -50 0
71 14 0
-45 -59 4 15 0
63 -39 0
15 -77 -20 -61 0
-30 13 -67 0
75 -57 82 41 0
-46 22 0
-39 -62 -44 -45 0
72 -47 0
-30 34 -43 64 0
52 71 -69 -12 0
20 -33 61 78 3 0
-15 -56 -26 -59 33 0
54 -2 -70 72 0
-68 13 21 70 31 0
-18 -35 18 31 12 0
55 -71 13 -8 -70 0
-23 3 18 0
52 -76 20 60 5 0
-64 68 -50 -11 -37 0
-79 26 -78 0
-61 34 17 -44 29 0
78 -30 -6 -20 -40 35 0
-65 43 -35 0
-46 79 3 -35 15 0
59 4 -27 0
24 -18 0
-3 21 -80 -73 6 0
19 -77 -41 60 24 0
54 45 -43 -43 0
42 -48 -39 0
-9 68 0
-4 47 -37 9 0
67 -8 -6 -57 -10 26 0
24 19 45 0
-25 47 0
55 -25 0
59 -58 -24 -79 0
64 -24 80 79 -73 43 0
34 -79 -65 0
5 26 -77 -32 0
39 -43 -56 32 0
24 71 74 16 82 0
60 -15 43 33 -6 0
-58 -10 -13 0
63 77 81 0
26 55 69 -9 71 0
-29 12 41 -33 -71 16 0
57 -3 0
-57 -81 -2 78 -4 0
-63 -2 -25 -24 0
-61 23 46 -42 -59 -24 0
-62 -4 26 -15 -33 48 0
-77 -81 3 53 0
14 71 -64 0
-55 13 77 -69 68 78 0
-80 23 58 -63 0
-7 3 5 0
-39 -60 0
-3 -70 -63 -16 0
-81 6 49 16 -10 0
36 68 -68 10 -24 -59 0
-75 -48 52 38 0
-29 16 -25 32 -29 0
8 77 0
-47 -2 0
-44 -26 14 10 -27 0
-27 33 9 63 0
-66 27 -26 37 46 0
79 -43 37 36 -13 0
45 21 0
-22 82 4 -34 46 73 0
-6 -19 -1 -44 79 0
55 -80 52 0
-68 -14 0
25 46 9 8 0
73 -46 0
15 -44 -41 50 -36 0
-78 -46 -8 0
81 -59 17 0
56 54 16 24 8 0
23 22 69 0
43 24 18 5 0
-48 67 -16 19 23 0
79 32 -57 -68 0
11 -40 6 57 0
-60 -12 -34 -7 62 4 0
-16 -18 -26 48 1 0
12 -58 0
-78 -64 0
-17 -39 53 0
-21 -58 -48 71 0
-74 -68 -31 18 0
5 17 5 0
13 15 -79 0
-19 -54 10 58 0
76 -9 37 -43 0
-39 -2 -12 0
-35 41 16 73 -80 0
-57 73 30 -72 -56 58 0
-40 75 0
7 -33 64 60 0
-65 79 -44 24 29 -52 0
-74 33 53 4 -9 0
-70 75 -66 13 58 0
14 -47 0
59 38 -21 -48 -19 0
-81 41 -12 78 0
-22 55 0
64 -35 -31 -68 -30 0