c
c start with comments
c
p cnf 71 156
-53 51 -49 0
45 -45 -27 3 -9 0
-71 -48 -37 -8 0
45 -29 -68 70 0
-40 -3 -46 -69 0
-35 -48 0
-70 16 -5 68 25 0
-2 -33 68 -7 -64 -64 0
-50 -43 31 -39 0
10 15 13 11 66 0
-32 -9 60 -26 0
-13 69 45 -44 0
53 -47 29 0
37 -62 51 64 48 0
-23 34 -55 0
-17 51 -67 -34 0
22 60 -24 13 58 -70 0
32 32 -46 19 0
22 -48 -4 -50 0
27 -31 0
65 8 -68 60 -5 0
1 -55 43 0
-19 -21 -55 -46 0
-15 6 52 -47 0
7 9 42 0
8 5 25 0
55 -64 -62 2 0
-23 60 0
-32 64 56 2 28 0
26 3 -29 -42 -53 2 0
53 58 -16 70 -47 0
10 -32 68 20 0
-10 28 40 31 8 0
-7 62 -11 0
-58 34 41 0
11 -10 2 0
27 -51 66 -9 31 0
46 -60 5 -57 0
-12 -7 43 57 0
-59 -69 0
-14 -48 -8 0
-12 -64 30 -41 0
-18 -42 52 -64 0
-19 5 0
56 -23 68 -5 -56 0
8 62 -49 11 0
-31 27 -9 40 0
-3 62 12 0
63 47 0
32 45 -59 36 -18 0
-30 23 -70 0
50 69 5 18 0
44 16 -17 -2 31 -12 0
-22 -31 -29 -64 22 -49 0
36 20 -46 0
-20 -65 43 33 0
-12 -11 0
-18 69 33 4 -22 28 0
-31 -44 -53 -63 24 0
-27 -37 0
-35 -47 -48 -36 29 0
28 52 39 -28 -12 0
2 -10 -12 4 0
-7 59 -45 0
-34 -23 -25 -62 3 0
-26 -49 0
66 -3 63 -45 -71 68 0
-71 -34 42 44 0
20 3 13 29 70 47 0
52 47 -29 -70 2 0
4 -32 41 28 0
70 66 -41 -4 47 0
42 20 -68 62 33 19 0
-22 -18 26 62 0
14 65 -60 0
-61 -39 0
-49 47 34 0
-65 -58 37 0
19 26 -5 -47 0
-40 48 -6 -70 0
-17 -32 -14 31 0
26 18 -15 -16 16 55 0
-18 -55 -42 0
69 25 37 0
-31 40 -10 0
45 40 0
-58 65 16 49 0
4 53 -68 0
49 11 -59 25 60 0
-10 -51 -29 0
9 32 -30 -51 0
-40 61 48 31 39 0
58 -41 -52 0
68 48 49 0
6 -20 24 -43 38 0
3 21 -56 -13 20 -41 0
-41 -5 70 0
-14 2 63 -49 -36 41 0
-62 4 68 -46 -16 0
25 60 0
55 -42 0
34 -8 -46 46 -64 0
-21 36 31 -8 31 0
52 -24 -56 -54 8 -12 0
-3 -47 -25 -59 -17 0
41 -12 -15 61 -24 0
-65 11 48 17 9 0
16 36 -32 -36 71 0
-39 -61 -9 0
-21 24 -8 -21 -1 21 0
65 15 -66 0
-60 3 55 -20 0
12 -22 -6 -70 -19 -61 0
-39 -62 -62 14 -30 27 0
68 -31 -50 0
-10 -62 -16 15 -19 0
2 -12 0
-23 -55 16 45 43 0
23 -17 0
-67 -36 56 40 0
67 35 -51 -63 -43 0
-59 3 -29 0
13 -14 0
-21 52 11 -23 -33 35 0
63 -8 -2 8 0
45 -1 -17 7 -39 0
-25 -58 34 19 40 -26 0
52 -47 27 -26 65 0
-36 -69 -41 -12 68 0
-32 53 -17 0
40 -48 -53 0
-30 15 -23 0
12 -64 0
-49 21 43 28 24 0
-6 26 -44 47 61 0
-20 -9 0
-2 -17 0
48 -24 9 -44 53 0
-6 22 47 4 -13 -18 0
-18 -10 38 -12 0
53 -57 -58 -10 28 0
-27 6 7 24 0
41 11 -33 -61 -57 0
47 13 -50 -12 0
45 29 16 -46 0
-8 46 6 -17 -46 0
34 28 0
5 -14 -48 -13 63 0
11 47 0
-26 32 -17 -62 11 -36 0
38 5 68 0
61 -41 -66 45 -28 0
-31 -19 60 -9 22 0
14 -25 -34 -25 0
6 -68 0
29 -65 27 -46 6 0