c
c start with comments
c
p cnf 63 134
36 63 7 0
59 20 -38 -47 0
10 42 -13 -28 32 0
52 60 -40 50 -53 0
18 -49 59 -60 0
46 -30 5 -26 24 -36 0
-6 48 33 43 0
-8 58 3 24 59 0
-15 -18 29 -3 0
62 49 48 0
62 -2 -3 -61 -54 0
-18 -39 -4 59 -11 0
-30 -59 -23 -4 -32 0
11 46 -42 0
21 42 -3 0
-43 -41 0
-32 55 -61 0
-49 6 -25 -35 0
12 17 43 42 10 0
6 20 5 -49 -56 0
-43 -21 -34 22 -44 0
40 -52 0
-44 9 -57 43 42 0
40 -5 47 0
-21 36 42 13 0
-50 25 21 0
-58 -24 29 -48 12 49 0
62 43 -63 0
60 -45 -38 0
25 -32 0
6 -56 -33 0
5 -8 -51 0
-32 -9 19 0
24 57 52 -52 0
-39 27 -19 30 0
22 -33 52 6 0
58 60 13 0
-12 29 -36 0
61 46 -40 -7 39 -13 0
45 48 36 12 0
51 -22 0
-55 35 -42 0
-31 -62 0
-45 2 34 27 -52 0
-32 21 -43 -14 -13 0
-48 -6 -5 49 38 0
48 -20 27 -36 0
60 2 33 -27 0
54 61 -27 32 4 59 0
-31 -23 0
-23 -9 58 -42 -28 20 0
-19 41 -3 0
-46 30 -60 11 47 20 0
25 8 37 0
62 20 0
55 -36 17 33 -28 0
36 14 -45 42 3 58 0
42 48 -45 20 0
1 -12 52 0
-40 55 -38 0
-38 39 -36 23 -25 0
-29 -6 50 0
28 60 -44 0
45 58 34 34 -36 0
-44 3 -12 58 0
37 -9 -8 35 9 0
11 -37 0
59 2 0
-12 -54 18 0
55 -22 -20 17 61 0
-46 55 -40 -38 -30 0
60 61 -21 63 0
7 -54 -20 0
58 44 39 62 0
32 35 55 42 42 0
-23 8 41 8 0
17 2 -44 -22 42 0
8 -17 3 -51 0
28 -39 28 0
12 -27 50 27 0
24 9 10 0
17 4 36 -21 -25 0
-28 7 0
25 -19 45 14 0
-27 33 -24 0
63 -57 -24 0
51 8 30 -34 19 33 0
45 3 61 35 0
-49 11 14 11 47 8 0
38 -59 -6 46 59 0
32 20 -12 -48 0
27 26 62 0
-30 56 19 -42 -35 0
-6 39 0
-9 1 0
-50 -58 -20 21 17 0
5 53 -46 -39 11 0
53 -51 28 63 0
12 10 0
-20 56 16 34 -53 0
-17 61 -43 0
8 -53 0
28 -2 61 -10 -55 46 0
-20 -49 37 46 0
-32 -39 -39 6 19 0
56 -29 53 -25 0
4 29 -18 0
9 -22 0
13 -18 -46 -25 32 58 0
33 29 54 56 0
-57 50 40 0
-30 -34 -12 11 0
41 56 41 -37 -46 0
17 41 0
-16 -14 -26 -4 0
40 -26 -21 0
31 55 25 -2 6 -4 0
37 -14 -8 0
55 -56 45 0
-47 17 -2 -5 0
-47 -25 34 -28 -28 0
-35 -41 0
16 -5 -53 0
23 -37 0
18 52 14 43 0
44 -8 5 0
-44 -26 38 45 4 -45 0
49 51 -15 35 -19 -32 0
-56 38 56 0
-48 6 40 -54 13 0
-53 45 -57 38 -50 0
23 36 -19 0
47 54 -57 0
7 -60 -55 21 -4 0