c
c start with comments
c
p cnf 25 128
8 4 19 7 -25 -20 0
-5 -11 21 -10 21 0
-12 14 -13 8 -20 16 0
13 -15 0
11 4 5 0
18 14 -9 -3 0
-21 -15 -17 -20 0
-24 7 -14 22 9 0
-21 -4 -4 24 0
-9 -8 15 -23 0
-13 19 19 10 0
12 20 -1 -18 18 0
5 8 -15 0
22 11 8 -5 -3 0
-24 -8 -5 0
-3 -16 10 -5 -21 0
-11 -4 12 24 25 24 0
20 -1 -3 14 0
-2 -2 -8 24 0
-20 -12 8 0
-17 -13 -22 -5 -19 6 0
-24 21 -2 7 -6 0
13 -17 -1 17 22 0
-12 3 -21 0
-17 -8 -13 14 23 0
8 2 22 0
22 6 22 0
22 -9 -14 -17 0
-11 12 -10 2 18 0
18 24 21 -12 0
4 17 3 0
10 20 -1 -25 0
-15 6 -17 0
-21 -10 22 -11 11 0
-17 1 -8 25 0
6 15 -18 5 -2 -24 0
22 16 -16 -15 15 -19 0
-2 14 -13 16 13 0
21 23 -21 23 0
16 24 -7 13 4 -5 0
-12 11 -3 0
7 8 17 0
-1 19 17 23 -2 0
8 -20 12 0
8 14 3 18 22 0
-11 9 0
12 -24 12 21 -18 17 0
-1 -20 -7 8 0
13 -13 7 9 0
17 -10 0
23 -13 -8 -23 0
-21 -9 -22 -7 7 0
16 8 0
8 19 10 -20 0
25 3 0
23 22 13 -25 -13 0
-24 -15 -7 -8 2 0
-19 5 0
-5 17 -19 3 9 -8 0
18 4 0
-16 -7 21 0
-3 2 -25 0
10 21 2 -11 0
1 -20 4 -4 0
18 16 23 21 25 0
-18 14 18 -15 -3 0
9 -4 7 -22 14 -3 0
6 -23 0
-2 24 -6 4 0
13 13 -8 21 -15 0
10 -8 12 8 0
-15 22 0
23 7 13 5 0
-22 -20 -17 -13 16 0
19 24 18 -11 -2 0
9 -1 -15 -10 1 0
-16 -20 -9 23 21 0
-7 -10 0
-18 1 -18 -23 -24 0
-5 -3 0
12 -16 0
-11 18 13 21 0
20 -18 0
13 -18 -24 0
14 5 -8 -16 0
-16 7 -3 -11 0
-19 -8 -11 2 0
24 15 -6 0
-18 24 -22 -10 -5 22 0
-7 10 1 -18 0
-1 -25 10 15 19 0
-2 -7 0
8 -5 -4 20 -23 0
21 10 -4 -18 21 0
-5 19 -23 20 0
-3 19 -9 8 0
1 -10 -19 0
13 -10 7 8 -12 0
10 9 14 20 4 0
-2 12 -17 -23 0
20 5 18 3 -10 0
-8 -8 -6 0
5 8 -9 0
12 -20 21 0
21 10 11 -5 -10 0
-18 2 -14 -7 4 0
-25 20 -6 0
-3 6 0
22 -12 19 -10 0
-24 5 -13 20 0
-5 8 -19 20 0
22 25 17 5 2 -1 0
24 -9 19 7 15 0
-20 -10 -16 -25 0
15 -22 12 -16 10 0
20 -19 -19 0
7 20 -9 12 -14 0
24 -2 -9 -22 0
8 18 -17 0
20 19 -3 -10 -17 0
-22 7 0
3 7 24 24 -24 0
17 -21 -6 -6 -2 0
-9 4 -9 -9 8 0
18 18 -12 -23 0
-21 -10 6 0
-16 3 12 9 0
6 -22 -6 -10 -12 0