c
c start with comments
c
p cnf 28 138
-24 -6 -26 24 -1 0
-12 -2 -21 -4 0
-14 28 -24 -11 -19 -6 0
23 -17 22 10 -25 0
4 -9 -11 0
-22 -25 9 0
3 -2 10 0
10 23 -8 -4 -18 0
-4 -8 -17 -8 7 -2 0
-22 26 0
4 -27 -28 6 -13 0
3 -8 26 -24 0
2 12 11 2 -22 0
-4 1 -7 -18 16 15 0
-8 -4 -19 2 -25 0
-13 -26 -6 15 0
10 7 -11 20 -14 25 0
-26 -10 4 0
-6 -3 20 -16 -26 13 0
19 -2 28 6 18 0
-21 -17 -7 -14 -7 0
-9 -15 -26 -8 -1 -12 0
-21 17 -15 25 -19 4 0
-17 21 6 0
12 9 -23 0
20 28 16 -28 0
9 -10 -13 -13 0
10 2 -2 -5 10 11 0
-7 -10 -17 4 -12 0
-6 -22 9 -27 13 -25 0
22 3 10 13 0
16 4 13 3 25 0
-2 -20 20 -15 0
-21 13 -14 18 -10 0
18 -10 -27 24 0
-27 28 -10 0
27 21 -9 0
11 -5 -3 -27 17 0
17 4 23 15 -24 0
-5 5 6 0
-19 -7 13 7 16 0
-15 2 25 -24 -14 0
26 11 0
-27 26 27 2 12 0
14 5 23 12 1 0
12 -27 12 -18 21 0
-3 13 0
-13 -26 -27 0
6 22 -4 0
24 -4 -14 18 -6 0
-14 15 -23 23 0
9 23 0
-11 8 8 4 0
2 -23 28 2 14 -10 0
-10 4 26 17 -25 -26 0
22 22 10 3 23 0
-28 -3 26 -8 0
22 -3 28 5 27 0
4 21 3 7 -27 -17 0
13 -5 21 19 -8 0
8 27 16 25 0
-11 -12 26 -27 11 0
-25 -24 -24 -16 -10 0
2 -14 -13 17 0
8 -1 0
21 -27 -8 0
-16 23 0
21 -21 -16 0
27 -16 24 0
16 9 7 22 -18 6 0
-27 23 -20 -14 0
18 -4 -3 0
-5 13 -16 15 6 0
-12 -21 0
26 8 12 -17 -4 23 0
-10 12 25 0
-16 6 -26 -8 0
-5 16 -5 11 10 0
-16 10 -21 0
-24 8 19 -13 26 0
-16 -21 21 7 24 0
-26 -5 27 20 20 8 0
-23 26 -28 -3 -25 16 0
-20 -11 23 2 27 0
23 27 19 -27 18 0
16 11 0
-5 6 -2 26 -10 12 0
4 -10 0
-28 21 6 -24 -3 0
-7 -24 4 -13 14 4 0
23 -13 15 26 -3 0
-15 -5 0
-28 13 -23 25 -11 0
12 23 -17 0
28 5 -20 -26 -10 -15 0
8 21 -5 0
15 12 -14 13 0
7 9 -13 4 0
-15 -9 0
-12 20 -7 0
-7 19 8 -14 2 -19 0
-23 -4 0
10 7 22 5 0
-26 -21 6 11 -8 0
6 6 4 11 7 19 0
20 8 -7 -27 -21 -9 0
-11 9 -8 24 9 0
-23 -21 21 -9 0
4 -25 15 3 0
-24 -20 -4 -26 0
-18 -19 -24 12 0
-23 -25 25 -9 5 0
4 -7 18 4 -16 0
2 10 12 16 0
28 -17 -26 0
2 26 2 23 -22 0
-3 20 -18 0
-8 -3 2 -2 -24 2 0
12 7 -11 11 -7 0
-8 23 4 13 0
-20 -6 -10 4 26 -1 0
-4 -17 27 -27 5 0
9 10 -8 -13 0
-7 -4 21 0
-24 -16 -22 3 -9 0
-14 -18 13 0
-16 -19 -26 0
19 -11 -18 0
18 -26 15 -14 0
16 3 7 1 19 0
12 -26 16 -21 17 0
18 12 -7 -22 0
-8 -24 26 7 22 0
8 16 24 -25 6 0
3 12 -21 0
16 -4 -21 -3 0
-14 27 0
-18 -17 4 0