c
c start with comments
c
p cnf 85 139
79 -78 1 0
-71 -53 0
68 -32 0
-81 -35 -73 -19 0
13 71 3 0
-2 73 -9 -69 0
44 80 -37 -75 -19 0
-23 -29 -22 -66 14 0
-14 19 -44 70 -12 0
-77 -83 -23 51 20 -3 0
15 53 14 -80 31 0
20 82 9 -23 70 -83 0
-45 -59 -8 0
-22 -27 5 0
-10 78 50 0
49 -75 -29 39 0
-60 45 -66 -5 -16 0
-17 83 62 -19 0
29 -40 55 49 -23 -26 0
11 -33 9 -59 0
35 -81 -80 68 -71 0
-53 76 -22 0
68 85 -50 -85 31 79 0
-32 -2 64 -52 0
-35 -21 15 3 0
17 -64 45 -9 62 0
-4 -69 -61 0
6 -23 -13 -7 0
42 -41 27 63 71 0
25 28 -13 0
31 -83 -17 64 -59 52 0
-18 -31 78 0
67 -17 -7 19 0
-10 -74 -52 0
42 73 37 31 -20 0
11 -78 62 34 2 -65 0
25 21 18 -73 -57 0
57 37 -18 66 -58 0
75 -75 -51 21 -38 -67 0
-68 67 30 0
-35 48 -20 0
7 22 18 -6 49 0
79 52 72 -80 82 85 0
46 15 49 9 82 0
-82 -80 0
40 35 -65 -31 -2 0
-39 -45 0
-26 -74 -5 82 0
-71 50 33 -51 -18 34 0
47 23 -69 -79 0
38 9 -56 79 69 0
45 -70 50 54 0
-57 48 -49 0
4 23 -7 59 36 -26 0
-12 38 -69 32 -50 0
-67 -76 -12 -64 0
57 -65 33 0
66 -49 53 0
38 -57 -51 51 0
-75 -42 30 -69 0
47 37 -31 0
-41 -73 -28 -61 0
58 5 -82 33 0
-77 -19 -65 0
-57 47 52 -44 -64 0
26 30 0
-68 8 48 -68 20 0
-54 21 77 -3 29 0
63 -35 -75 0
18 8 32 -46 -3 -42 0
64 19 0
73 -3 -65 58 0
72 -31 78 0
27 12 32 29 0
76 63 0
31 58 -40 82 72 0
16 -44 0
-63 13 37 -50 0
65 9 -83 73 16 0
-16 50 0
67 -58 84 -3 0
20 -74 -77 80 -44 -38 0
14 -58 -69 17 -75 -10 0
30 57 -72 61 0
26 -50 -28 50 -53 0
58 39 81 -43 -63 0
36 48 -14 -24 0
39 30 30 -44 0
-37 -48 45 -62 19 -14 0
43 -52 82 -22 -66 0
-65 -2 -15 0
3 -78 46 13 0
-40 -19 58 0
76 36 54 19 0
64 22 -42 0
-33 -2 28 45 -11 0
-8 -68 53 71 0
-13 -17 -15 -74 -44 67 0
52 -52 2 56 3 0
-63 20 67 0
-9 -41 83 49 0
4 -57 -85 0
42 50 55 3 23 0
81 37 18 -2 -79 0
72 59 59 0
81 -58 0
20 -78 -52 52 0
-30 12 -50 31 15 0
50 53 8 -83 -19 0
21 17 -8 0
-23 73 -29 63 25 0
-3 -48 -3 50 0
-67 -45 -71 31 0
9 -51 40 0
48 67 41 -43 0
54 -35 -49 80 0
-29 -3 77 44 -61 0
-34 -70 6 -42 0
-3 44 -32 -70 -68 0
47 -65 58 0
-29 -33 -29 15 0
6 23 -39 1 79 0
28 -57 45 37 7 0
55 31 -72 10 41 0
57 83 25 48 0
69 -19 27 0
9 -15 34 0
-9 50 9 13 -3 0
82 14 -50 0
-36 -74 -71 -3 -59 0
38 -84 2 39 0
-68 -46 -28 0
4 47 -39 -19 0
52 -68 82 0
6 -61 48 -38 29 42 0
-2 30 22 0
-65 34 -70 -24 -34 -55 0
40 -82 0
-28 -29 84 23 0