c
c start with comments
c
p cnf 53 230
30 -29 3 15 0
31 -24 0
21 -27 -13 17 -16 0
-6 1 -37 12 13 -9 0
20 41 -15 0
-34 24 -8 2 -39 0
29 -2 -2 0
-31 -16 34 0
-11 42 -32 -44 -14 0
-9 4 -22 0
23 50 13 0
-37 -9 14 49 25 -12 0
-3 35 0
-7 32 -45 0
37 -14 0
7 15 -46 0
-17 -29 -35 0
15 45 -22 -51 0
38 -40 44 -51 34 0
-34 2 40 -43 -45 0
-17 -8 -10 38 0
25 52 -49 0
33 -24 -40 -34 -5 -23 0
11 24 -21 0
29 25 -34 43 0
-37 29 28 0
43 -36 9 50 0
51 -50 32 5 -22 0
39 -50 49 0
-18 -43 -32 0
-50 40 -53 -14 45 -10 0
-36 16 0
42 -9 17 27 22 0
21 6 0
-41 -6 -35 0
-45 -1 -31 -46 0
21 16 -36 0
-7 37 -10 40 0
24 -2 0
6 -29 45 0
-7 -17 0
39 -5 -16 47 -32 0
45 -38 -22 -28 -36 0
28 40 -25 -45 37 29 0
-48 -36 0
-48 -17 47 -25 0
-32 -2 21 0
-39 27 0
13 -12 0
14 -28 0
25 -5 -7 -16 -52 0
40 -41 8 18 12 0
-45 -39 7 -41 0
-45 -1 53 0
-13 -35 -51 7 18 24 0
23 15 10 53 -17 -37 0
8 -8 -43 -10 -10 0
5 23 32 -19 0
13 16 15 0
-23 -33 -32 33 -2 0
53 -48 -3 -29 37 0
-8 -16 0
47 -31 -44 24 22 0
35 48 -35 19 -16 -37 0
32 -22 37 0
-4 -12 -21 0
36 -41 -37 -22 35 0
3 50 -12 -31 -30 0
-29 52 4 0
-40 39 -4 20 0
10 42 -12 -51 39 0
-46 28 20 -22 0
-46 12 -39 50 43 0
-5 -30 -51 23 28 0
15 15 -22 36 0
-31 34 12 0
10 -9 0
7 -43 -35 -46 0
-53 -16 22 -52 9 0
-6 -31 -22 -16 0
17 -10 38 0
-22 -46 32 -26 1 0
-27 -4 -42 -2 0
-44 -9 -14 -3 -34 0
38 -23 5 4 45 0
30 2 -12 40 0
22 15 6 -19 0
-1 -31 -25 0
-25 3 15 0
-24 -1 20 -39 0
-3 32 28 0
-33 23 -5 -50 0
-50 19 9 5 0
49 -8 -6 25 0
6 5 -34 -43 0
-46 43 -32 52 0
48 -21 -16 -26 -52 0
20 -50 -51 -30 -44 0
-30 -45 33 -35 0
20 13 -34 -36 -33 -44 0
-29 30 -4 -38 -26 14 0
43 -34 20 6 26 -28 0
51 -14 -39 0
50 36 -40 -25 0
-20 -52 -47 0
-45 -18 -7 23 -7 0
30 -45 -17 28 2 -21 0
-48 -32 23 -10 -20 -35 0
-50 5 52 44 -45 -19 0
28 30 23 -50 -33 -18 0
-22 3 -49 42 21 0
35 15 40 48 26 0
-5 15 -50 39 51 31 0
-47 -18 -28 0
3 16 17 0
-31 -42 3 0
-38 -4 -19 0
11 -19 -36 0
2 29 44 4 9 0
14 10 41 45 12 9 0
25 36 39 0
31 2 -47 -36 0
-20 -36 40 -17 0
-6 -23 52 49 0
-50 34 44 0
-5 -38 30 36 -39 0
-48 -47 22 -40 0
5 -29 49 -13 -26 0
17 -31 -30 -6 35 0
35 22 -18 5 38 0
20 22 13 41 43 0
-21 -36 34 -27 0
-12 -28 -13 35 0
-9 50 0
-52 -17 -27 -51 0
-28 29 8 -14 24 -2 0
-28 51 -11 0
18 10 -5 0
48 41 4 0
6 42 -4 21 -24 0
45 -47 -21 -37 19 0
-6 15 -16 16 0
-31 33 27 14 32 0
-40 47 0
28 42 15 51 25 -2 0
-52 40 48 0
42 -19 50 -45 0
51 21 -20 46 50 -4 0
42 -41 0
-44 -28 14 16 0
-25 50 -50 -50 0
-25 20 0
51 -7 3 47 17 26 0
43 28 30 -47 -50 0
-3 10 0
4 -52 -44 -29 0
-15 35 29 0
13 8 -42 0
39 -34 42 -16 -36 0
-29 45 18 37 42 -45 0
-44 37 16 -44 0
41 16 -18 -1 0
8 -40 39 48 0
16 51 -51 0
-39 -44 53 -47 0
46 -36 -42 0
-12 18 32 -47 -36 0
24 29 -46 0
44 19 49 18 0
-43 -13 4 11 0
8 -44 49 -18 0
22 -3 -2 0
30 -26 -8 8 0
25 -44 4 -23 0
-50 -51 0
-18 -9 6 0
-46 -51 -24 0
30 -9 -16 20 -27 -28 0
-40 -43 9 10 -15 0
18 -43 52 -24 0
7 10 -15 6 52 6 0
-13 49 47 41 0
-7 48 -29 0
49 17 -37 25 0
-29 -17 -35 0
4 14 0
-52 34 9 31 0
34 47 -50 0
-29 -11 32 45 -4 0
32 -35 12 0
-2 9 45 15 46 0
-46 -12 22 -9 0
-39 42 -16 -43 -31 0
13 -12 0
25 33 0
52 -45 28 -14 18 0
51 36 -25 0
21 40 22 48 -26 0
41 -42 0
12 38 51 -43 49 4 0
8 44 30 0
13 9 -24 0
-18 -23 27 26 0
45 22 0
12 43 8 40 -21 -24 0
-9 14 -24 16 0
27 -49 47 51 -39 -3 0
-38 12 13 0
-31 13 -8 -34 0
-5 -30 15 25 0
-12 29 0
-36 -12 0
-3 -7 -19 49 -34 -43 0
22 -34 -24 -46 0
-10 -35 39 -43 33 18 0
-21 7 8 32 8 0
8 15 40 33 -23 0
-39 41 -12 -47 2 0
-32 38 41 0
-46 -32 -19 -18 0
-3 -6 0
-47 -2 -50 -14 0
9 -19 4 21 -5 0
42 -44 -23 -32 -4 0
-4 -53 -19 -18 -51 0
-36 -5 -36 -31 44 0
44 -39 23 -38 0
-24 -50 -23 0
5 -47 9 -49 -36 -22 0
-3 2 41 6 -9 0