c
c start with comments
c
p cnf 77 250
-72 -57 -27 65 -32 0
-5 -8 -19 -51 56 0
-45 29 -1 55 0
8 58 -66 0
18 57 -8 -2 0
2 15 -2 42 -26 0
-24 25 -17 15 0
-44 -73 46 64 43 -14 0
-16 35 -30 0
-53 -17 28 49 -72 0
8 70 -73 16 0
17 -10 -59 -70 38 -9 0
-66 31 -7 39 -68 0
-34 9 -71 0
-3 -58 0
-16 61 34 74 71 -74 0
1 -17 48 55 0
2 -70 19 26 0
-24 -40 -18 15 -51 0
52 36 77 -53 0
-12 -66 -27 63 0
-67 -18 -55 33 -46 0
-59 -32 44 -23 0
18 -73 -28 -6 -75 0
43 -49 -39 76 -44 0
-38 58 30 -69 0
-11 68 0
25 47 0
23 -57 -67 -41 53 5 0
-17 48 29 0
-58 35 0
-77 45 55 0
43 -76 66 0
1 -34 0
24 -6 0
64 -31 12 0
-29 -52 42 2 52 0
9 16 15 -28 0
64 26 64 -41 -11 0
-68 4 0
42 57 23 -7 25 0
-73 22 0
-17 -53 54 39 -56 0
56 -21 -37 -46 32 0
-46 -75 -32 0
-8 -72 59 -56 -24 0
20 9 0
21 36 73 -67 -67 -67 0
52 -2 0
-53 -17 33 -29 0
9 60 -74 0
-40 19 -13 52 68 0
-7 -27 0
61 32 -49 -5 -43 24 0
21 -9 32 0
6 -26 -22 0
12 51 62 31 54 69 0
47 -54 23 13 0
40 4 63 0
-11 4 -13 57 75 0
-50 -57 -59 -70 -56 0
3 42 -61 -17 0
64 -62 53 -32 0
26 42 40 7 0
61 70 15 -69 -72 0
-73 14 36 0
-1 -20 -38 -58 -63 7 0
-28 -68 3 -71 58 0
17 2 0
-25 38 -19 -70 0
-65 27 -75 44 0
-71 -26 68 -37 69 0
47 13 -15 -29 27 61 0
18 -47 32 24 -25 0
-39 44 -63 0
10 -71 35 5 47 0
67 -15 73 -69 0
-16 -56 10 0
15 -19 -4 -53 0
-21 70 -24 11 -50 0
-39 39 -38 59 0
-22 32 0
21 -38 40 0
37 -53 0
57 -59 0
-21 -34 60 -39 0
-55 54 0
-12 -53 -15 -75 0
-6 47 -29 -40 0
26 16 62 0
46 -11 64 61 0
65 -75 11 0
65 -61 -30 33 12 -53 0
-48 10 -69 -62 0
-57 -66 -67 -64 -32 0
-38 30 19 17 -73 0
33 6 28 0
-55 41 0
49 55 0
-65 -12 46 71 0
60 18 -57 10 -59 0
68 -56 -21 -38 0
37 27 -26 0
-67 75 67 0
48 17 -34 25 0
8 6 6 0
40 -48 -30 -72 -75 0
-75 2 7 -26 21 0
-68 65 -55 -8 0
-32 17 -54 56 0
-6 -43 -60 56 31 0
69 60 35 0
32 17 -75 -36 11 -56 0
-46 73 -28 -43 -10 0
73 -62 11 -73 29 -50 0
27 -13 29 41 0
-33 38 0
-8 17 -50 41 0
6 51 -18 0
51 -30 0
32 36 59 -11 -18 61 0
43 -76 37 0
61 -75 19 -61 -12 58 0
-47 -52 44 0
-62 56 54 0
-60 66 -66 41 66 9 0
41 -33 1 0
-31 58 0
-41 -59 20 -16 0
25 -24 0
44 -30 31 12 35 0
65 -46 -57 0
-2 32 -28 12 0
19 23 -36 -65 0
-74 2 47 -30 -55 0
5 -42 35 42 -52 68 0
-68 -44 -25 -49 68 -51 0
29 72 28 0
58 60 54 0
-69 -10 0
18 -45 11 16 67 0
-26 71 -15 35 0
31 -60 24 -29 4 0
14 -59 11 -44 23 76 0
5 -46 34 0
54 -47 31 -39 2 0
65 44 -25 0
52 58 -48 24 22 0
-35 19 63 0
49 62 8 54 0
-17 -29 40 -43 -66 40 0
40 -45 -18 -73 26 0
7 59 -45 -33 49 0
-8 66 38 72 59 60 0
-28 -15 -16 -51 0
-58 -72 0
68 -15 7 0
52 55 -70 -54 0
-13 -48 66 -48 0
-63 -24 46 36 24 0
-20 74 -16 0
8 56 24 -21 57 -54 0
-64 64 63 0
47 -51 43 0
1 33 16 9 -32 0
41 46 -43 0
15 -46 -74 15 0
31 6 0
27 -55 40 -62 -74 23 0
-59 23 0
-58 -76 -15 -39 0
-15 -5 -56 0
8 -56 -20 -57 -24 8 0
-13 -46 29 0
-75 -59 -61 -62 0
-12 -7 0
39 23 -3 0
51 -19 -42 58 22 61 0
77 -14 0
70 17 0
2 -6 -10 -65 0
-61 -32 -8 0
29 8 -25 40 73 0
72 62 -37 0
11 13 -59 -6 53 -57 0
-18 3 -26 0
-3 -19 72 0
18 -34 22 -65 -43 0
-61 8 37 0
-1 -52 0
-33 6 2 0
23 -58 -19 -56 0
-72 -14 -29 -19 -2 0
3 -70 -65 0
-44 64 16 0
-53 25 -30 18 0
68 -12 -11 24 39 0
-15 -47 0
10 8 -48 -40 57 0
2 -73 24 -71 54 76 0
68 42 -44 58 0
64 -62 -37 -15 0
-18 -70 -49 9 0
-46 -58 70 56 -55 0
-5 -40 -57 -39 -54 0
-49 10 -74 21 -48 -14 0
72 52 -41 0
42 1 29 -29 0
43 56 0
68 5 -10 17 70 16 0
-67 -48 -66 0
-52 13 -57 0
-10 41 19 37 60 0
75 -17 -19 2 0
61 61 59 0
1 22 0
-61 21 -49 -35 -47 0
50 -35 -51 0
33 23 -6 0
43 75 -68 25 0
43 -75 -75 -59 -3 70 0
-17 -37 23 -40 0
-36 -58 12 56 0
77 -30 -69 19 0
-32 -16 61 -20 -32 -44 0
-46 -8 71 0
-13 75 -4 -46 -63 -67 0
67 6 -27 0
-19 -62 5 0
-10 -54 -16 0
30 -73 54 39 -18 0
-41 20 39 0
-8 51 35 0
-54 25 47 0
-23 21 35 -22 0
54 -4 -49 0
-64 -61 -50 0
-36 65 -39 0
-14 -8 71 -30 -47 10 0
-75 -6 -29 -23 0
-46 13 -40 0
63 -15 -21 62 -33 44 0
59 8 33 -71 40 0
-36 56 -42 11 -24 0
-36 -36 49 9 57 0
-41 -72 -75 72 69 61 0
-65 -72 74 0
-41 45 63 0
12 13 3 0
-14 49 13 0