c
c start with comments
c
p cnf 23 97
-16 -21 -2 0
-12 12 -10 10 0
3 -8 -13 10 -17 -17 0
17 -15 -15 -10 -18 17 0
-20 -3 11 0
6 10 -5 -13 0
19 15 -16 0
-2 -13 -5 22 0
15 7 -22 18 0
-21 20 5 0
1 4 -18 -6 0
18 20 13 -8 -2 9 0
2 15 0
16 -17 -13 17 0
12 18 19 -21 0
-21 5 -18 -10 0
-14 -6 2 0
-7 9 0
7 15 -2 0
-5 -16 0
-3 4 7 -12 7 0
21 -4 -13 13 -20 0
13 -18 6 0
20 -15 14 12 15 0
5 6 22 0
-4 13 0
8 9 -8 20 -5 0
-8 -22 -14 11 0
-8 13 8 -7 0
10 2 -7 -15 -22 -23 0
-12 15 12 23 0
-14 23 17 12 9 -22 0
-21 -5 4 8 0
21 -10 13 -16 0
-1 22 0
-9 13 -13 -6 5 0
-12 20 -15 -20 -11 -11 0
13 19 -13 2 0
-21 1 -16 21 0
2 -17 4 -6 0
13 -14 0
-17 5 16 0
21 9 -13 -9 0
6 -8 -2 0
6 -7 0
-10 -4 -17 0
17 18 0
-10 -19 1 -23 -13 0
9 -15 0
-8 12 20 0
-17 -18 -17 -5 -7 -12 0
11 5 -21 12 7 0
-1 6 1 0
-8 14 -18 0
-8 -16 14 16 2 -14 0
-3 -3 7 8 -9 0
4 -18 -15 0
11 -21 -14 0
-20 -6 12 -9 -8 0
22 8 -14 0
11 20 6 0
-13 12 13 0
-14 8 0
-17 2 0
-7 5 -18 0
13 -6 0
-20 8 -5 20 0
13 8 21 0
-21 2 -5 0
-7 -17 -4 0
17 -7 14 0
-10 5 -11 0
16 18 -7 11 0
23 4 6 0
-19 12 -21 -17 5 0
19 10 -13 10 0
18 -17 0
8 -17 3 5 -6 0
-3 12 -4 -3 0
-17 15 0
18 19 6 0
-18 6 13 -15 -8 0
-18 20 -9 -15 0
-7 3 -1 -15 18 0
21 12 -14 10 0
5 -21 0
6 -4 7 0
8 -9 0
22 -1 -11 0
8 20 -16 0
-4 -4 -11 1 18 0
22 -11 0
18 3 4 -4 -19 0
16 1 -17 0
-10 14 0
-5 -11 10 -17 13 0
12 5 12 2 0