c
c start with comments
c
p cnf 19 121
-3 -7 3 0
4 -9 2 -11 -2 0
5 13 0
6 -11 -16 -10 -9 0
16 -14 -19 0
13 -2 5 0
-2 -14 10 -18 0
-8 -18 -13 -18 18 0
-9 -18 -15 0
-17 -4 4 -7 0
-14 18 13 19 0
-16 18 -13 -5 0
-16 -14 -8 3 -13 -18 0
-16 -13 7 -14 0
-2 5 16 -11 -4 0
3 13 -8 -1 3 -14 0
13 12 0
-17 -17 -18 14 0
-6 -2 -10 0
3 15 -5 6 0
7 -10 0
14 -16 -6 0
-5 -10 9 -5 0
9 7 0
-2 8 -8 14 17 0
-4 -2 -17 -5 8 0
-3 5 2 18 -14 0
-4 -9 13 -2 -16 8 0
18 3 -17 -7 0
-8 -13 -9 15 0
-5 17 -13 19 13 0
-6 -9 13 -11 0
-18 16 -5 -15 16 0
13 -15 -15 12 -9 0
-11 -9 0
18 10 10 0
-7 17 4 11 -12 0
-9 4 -19 -8 -4 -14 0
-13 -11 11 -19 0
6 16 -17 10 0
-7 -10 -2 -15 0
9 -16 -13 0
11 3 -19 7 0
7 1 0
2 11 19 -10 0
-13 -12 11 0
-15 16 15 -1 0
-9 -16 -12 -6 -11 0
-11 5 -10 12 -3 0
13 19 8 -8 -5 -8 0
13 -3 9 -18 -14 0
6 11 -14 0
-7 14 -12 -15 11 0
-7 -15 12 0
-8 -15 17 0
3 3 -12 0
9 -11 -2 -2 -8 0
-17 5 8 2 10 0
-11 -17 0
-17 12 -8 -15 9 0
16 -12 15 0
-1 10 -4 -5 6 0
9 9 -8 19 -15 -9 0
13 17 -12 -4 6 7 0
8 16 -10 0
-18 -5 -8 10 -15 0
-19 16 15 0
-16 -8 14 -9 7 0
-18 -5 -16 -8 0
-11 -15 12 0
-10 -10 1 0
7 -14 -14 0
-8 -7 1 0
4 -4 0
-2 14 18 16 18 0
16 7 -10 -8 15 0
3 1 9 0
4 -4 3 0
-2 6 15 -3 0
12 7 10 0
7 17 2 -11 18 0
17 16 -2 -18 -3 0
12 -5 -10 7 -4 0
-2 3 7 -12 18 0
-18 14 1 8 0
5 2 18 9 -7 0
4 -6 -14 2 2 13 0
4 -16 -10 19 0
-11 8 18 0
16 5 -2 -10 0
16 9 15 -4 0
8 17 2 0
10 -6 0
-10 -9 -16 0
18 -8 10 0
18 13 10 4 -16 0
-18 10 6 0
17 15 0
-6 -5 -6 10 2 -14 0
-2 4 -16 0
-18 -17 -2 4 0
5 6 -13 0
-5 15 -4 -15 -14 0
13 3 11 -16 0
-3 2 7 2 -7 16 0
-11 -10 19 0
-15 10 7 -19 4 0
-18 17 -8 14 12 0
-11 14 5 -9 11 0
12 -4 -10 0
-14 -18 13 4 15 6 0
-17 -8 0
11 17 5 -15 17 0
-19 -8 16 0
-10 4 7 0
-9 1 6 0
12 -14 16 -12 -15 14 0
16 19 -8 -8 0
18 -5 -12 -17 16 0
-18 12 4 0
8 13 0