c
c start with comments
c
p cnf 27 108
-7 19 0
-7 -13 23 16 0
-3 -13 11 -10 -13 -2 0
6 19 25 25 0
11 21 -2 11 0
-18 -9 12 0
22 18 23 4 -10 0
-2 -6 14 0
26 14 -2 15 0
27 25 22 24 -2 0
1 22 -5 0
-21 -22 6 13 5 0
18 4 -8 20 0
25 -10 -17 2 0
10 2 3 10 0
7 24 27 18 27 0
22 14 -8 0
8 -3 -17 0
-15 -17 0
7 12 0
2 14 9 -22 0
-2 10 16 7 14 -22 0
-5 14 -10 0
-22 4 19 -8 0
-24 18 10 21 11 -26 0
-21 -16 25 -22 0
11 3 -8 -21 24 0
-19 25 -6 -18 -8 -9 0
24 13 1 8 2 0
3 -7 -26 0
-11 -24 24 -23 0
17 8 -8 2 0
-6 19 -17 -2 0
22 15 11 26 19 0
20 10 0
-12 11 9 -10 0
3 -6 7 0
-8 15 -17 2 3 0
-21 19 0
24 -6 -27 -11 0
-11 11 13 -13 -11 2 0
4 11 11 9 -5 0
15 1 -7 3 0
5 -20 -18 14 19 -3 0
9 11 -3 16 26 0
2 14 0
19 -17 -12 -11 0
-21 -13 18 -23 0
14 21 -26 -25 0
3 18 22 -23 2 0
-25 -27 12 -25 24 0
6 -7 -13 9 0
-9 14 25 -10 -18 0
11 9 0
-1 -22 27 -7 -11 -5 0
-1 13 -3 0
26 -11 0
-25 21 0
-21 -4 2 0
26 9 -22 0
-23 -14 20 0
12 -16 -13 -4 -27 0
2 14 4 0
25 5 0
24 -2 -18 -7 8 0
-1 -24 0
-24 -12 -3 -17 6 0
3 24 -9 0
4 6 24 0
-23 16 -8 1 0
-16 -21 0
14 -12 7 -19 -17 0
13 25 -24 16 23 0
-17 -25 -5 0
12 25 23 0
-8 7 6 -24 0
-18 -15 -6 26 -5 24 0
-17 -2 14 -2 13 0
10 -17 19 25 0
-18 -14 2 0
-25 2 0
27 16 -20 0
-23 26 13 2 -7 1 0
-18 -16 2 0
-16 26 -24 18 23 0
15 22 0
2 5 0
12 25 -22 -25 -22 0
-20 -23 -26 10 0
12 -24 18 -21 12 0
-9 11 7 -3 13 0
25 -21 12 0
22 14 18 -8 -13 0
-6 -16 -17 9 0
-24 6 9 10 -22 18 0
6 -27 -8 27 0
11 21 14 -20 -18 24 0
-16 -27 5 13 0
17 1 -2 -19 -23 5 0
17 20 6 0
14 11 -3 17 -14 0
-22 -4 2 -14 0
26 3 -16 0
20 17 25 0
-13 25 0
19 -22 6 -11 0
13 4 15 -25 -21 0
13 -5 0