c
c start with comments
c
p cnf 47 60
-41 8 0
24 46 -35 32 0
40 -41 -37 -23 0
-17 25 -41 -31 0
6 9 14 15 -30 -23 0
-23 -4 -33 0
6 -37 0
-13 -13 38 0
2 -35 31 -45 -24 25 0
18 6 25 27 26 0
-20 -6 29 0
-8 -20 -3 -1 45 -22 0
-17 -27 -3 -15 3 0
13 -30 -33 20 -23 0
-17 -37 -45 -34 45 8 0
11 18 -7 14 0
-12 36 -42 -10 11 0
47 -1 9 -45 0
-16 24 7 0
-33 -27 -14 0
-34 -11 0
4 7 15 32 -38 5 0
-40 17 14 -45 0
35 -31 0
-17 -22 35 -14 0
5 -7 -18 -15 0
-13 -41 25 24 27 -26 0
-15 -3 33 -11 -21 0
-26 -6 -15 -25 0
-18 11 30 34 19 0
24 39 41 4 17 0
-36 -35 28 -47 40 5 0
41 -2 6 0
-27 -17 0
-3 36 -12 2 0
-3 11 0
18 16 -40 36 -34 0
40 28 -7 0
-10 -36 0
16 -17 -2 0
38 1 22 0
-12 -4 -15 -20 -20 0
19 35 0
-34 5 9 0
-27 -3 17 13 0
-41 14 13 -19 0
26 29 -29 16 0
16 34 -27 0
21 -33 20 -43 0
40 25 -5 0
39 41 -32 -5 16 -33 0
25 -21 0
44 39 -30 3 -37 20 0
5 -45 0
-18 -7 -32 0
-9 14 30 43 9 0
22 42 -33 -31 0
46 32 -15 0
27 7 9 43 -37 0
12 -46 2 0