c
c start with comments
c
p cnf 70 95
42 -4 -13 0
22 -57 38 64 -21 46 0
-58 33 23 0
13 66 -7 0
-35 -18 9 -10 11 0
31 24 -57 -55 0
50 11 -15 16 0
3 59 0
-12 -66 -54 -2 0
-45 -20 -14 -2 -64 0
-32 -48 -4 21 0
-60 20 -14 -24 61 0
-59 -47 2 54 -16 -35 0
28 34 -14 0
9 49 0
34 -64 -14 49 0
30 59 36 0
-21 46 -6 -56 48 22 0
-8 53 11 -59 14 0
-4 15 -46 -52 0
-64 -23 29 0
-64 47 11 5 -23 0
-53 -39 7 62 0
30 63 43 -65 -60 -28 0
-27 -20 40 -47 -59 -43 0
66 29 70 0
56 55 -40 0
-25 59 -35 0
-60 -19 69 0
21 -2 -55 -52 31 0
-24 23 -54 50 0
38 -30 70 64 0
-46 31 28 -29 -14 39 0
-41 -39 -50 -19 37 0
61 -35 28 -2 0
-49 70 -69 0
34 62 -67 -39 0
-11 -41 54 0
19 28 67 55 0
-46 19 0
-29 -41 -68 45 34 0
43 -35 42 19 0
22 46 -8 28 0
-7 40 6 0
52 -43 17 32 0
7 -26 -8 42 0
-32 -69 -9 -32 43 0
33 -11 42 0
-12 49 58 20 8 9 0
-3 35 -22 -15 -39 38 0
12 54 68 -69 -56 -49 0
47 -8 40 0
66 -56 -54 19 24 0
-8 -44 -13 0
61 -3 -52 45 9 38 0
-67 13 -17 7 41 0
-13 24 51 56 0
40 -46 20 -57 0
57 -23 -49 30 55 0
48 -63 60 23 -19 0
5 69 27 0
-9 17 63 0
45 61 -8 0
-10 15 9 0
-44 -3 -35 36 0
49 23 -2 -57 0
-34 -48 -32 -31 -55 0
44 -31 1 -56 -55 0
14 29 20 -68 0
31 26 0
-61 10 62 -12 0
53 -9 24 -19 6 -47 0
44 27 -44 -37 17 0
-58 47 -24 10 28 0
-8 1 -7 0
58 48 35 -20 -22 0
54 60 -63 -12 -6 -14 0
53 5 0
56 23 -59 37 0
-15 70 38 0
68 56 23 52 0
-42 -10 0
-38 3 -14 -42 0
24 56 -18 -6 0
29 -50 -55 -3 27 0
-67 23 56 33 0
11 -8 -20 -23 2 0
-22 -9 10 0
-3 -14 -59 -56 55 -35 0
-32 -61 17 -47 29 0
32 63 -36 -9 -2 0
28 -46 -5 -40 -67 0
-57 -32 -15 -70 -1 0
-2 39 -62 51 15 -53 0
57 21 0