c
c start with comments
c
p cnf 76 122
9 -48 73 31 0
-32 -31 45 -13 -61 71 0
-13 49 53 58 -5 0
-48 74 38 -31 -3 -42 0
38 -41 37 0
75 -38 31 -48 11 0
18 27 53 43 0
-76 32 58 57 0
60 8 6 0
4 6 -33 19 15 0
10 -47 6 32 -8 0
24 65 -72 -68 0
6 -29 -21 0
-28 39 -61 0
74 -44 48 -5 0
-75 43 9 18 20 0
66 68 -10 0
-5 -22 -37 -11 -11 36 0
46 -40 -36 -7 44 0
-54 18 30 74 -38 0
48 44 26 -16 -37 0
20 70 -9 0
-19 -66 38 -19 0
59 -5 65 2 0
60 19 -52 37 76 0
49 42 -57 71 0
-47 -71 44 -28 26 0
-32 -37 64 18 61 0
63 -48 36 1 33 0
71 32 46 0
-72 12 -13 15 0
63 -63 1 10 16 0
-23 31 -18 66 0
64 10 0
15 50 0
-35 -58 0
-48 -33 -40 -36 5 0
15 -38 -1 0
-16 68 53 70 7 0
-20 38 73 -45 0
-41 -50 -72 -56 0
-3 -63 -23 -48 0
-8 -47 29 -39 -20 0
2 -42 20 40 7 0
5 40 -65 2 10 0
-55 5 -29 0
72 53 73 67 0
-11 -74 -7 0
2 16 56 -6 0
-38 -68 -39 33 0
-26 -71 0
42 -63 -55 23 0
-64 28 -69 -38 0
-52 -27 35 0
61 -18 23 -75 -13 72 0
-70 -26 -58 -2 0
-69 -41 65 53 0
-50 26 33 0
-52 49 -62 8 -45 0
2 -20 19 8 0
-40 -49 -54 0
58 76 0
57 -13 -68 0
52 -8 -55 4 0
-2 28 63 64 -15 0
34 -56 -47 24 0
-26 -47 19 71 -7 74 0
-48 4 -44 55 38 25 0
-28 -5 -70 0
-11 -43 0
-35 -23 -21 -58 0
-36 6 44 16 53 0
48 -1 61 29 30 0
-9 12 72 11 44 0
33 61 9 6 37 0
44 45 0
43 -54 16 -53 -53 -51 0
-43 -16 -2 -61 35 32 0
-9 -7 -17 -54 -16 0
11 -54 51 0
-19 68 -17 0
20 46 31 0
-74 -23 62 10 0
71 31 58 0
-74 -24 5 0
9 -64 0
34 1 -54 69 0
4 23 -37 0
-27 34 -69 55 0
17 -73 25 0
15 -20 50 0
-27 -59 29 9 -70 0
9 35 -47 -16 38 0
73 64 -23 31 0
-33 -29 1 -70 -33 0
74 66 72 -34 -14 0
4 30 -38 41 0
71 -40 0
63 -8 53 -44 0
37 62 -58 0
60 -58 -42 -35 -19 39 0
-55 62 64 -13 8 0
44 -74 -23 27 30 -25 0
43 3 69 -13 0
-33 -49 -70 -43 0
19 -43 39 -15 -61 -25 0
58 75 -50 0
35 -36 39 -30 0
26 12 -18 0
-21 -17 0
66 41 9 -67 -8 2 0
66 -32 -46 0
3 -48 -35 -28 0
36 73 3 0
62 8 -31 -24 -21 0
24 59 -57 0
68 46 31 -24 0
-39 52 19 47 -44 0
40 15 -71 -51 0
-59 45 0
21 -45 -58 -55 12 0
-41 19 0