c
c start with comments
c
p cnf 74 100
-50 -7 46 -64 68 0
36 -66 46 0
54 65 -28 39 65 0
51 28 -16 0
3 -36 -41 -37 0
45 -2 20 -61 -59 0
-41 -36 0
6 21 -70 -24 -8 0
20 22 71 -4 37 -31 0
-10 -65 -18 63 0
-33 -59 10 30 -75 -53 0
64 -10 -43 39 -13 0
-65 -18 0
36 -50 -23 -42 38 0
18 16 -21 0
-46 61 0
17 54 -48 21 5 63 0
17 30 59 44 0
45 -55 -23 -53 0
-7 -63 47 15 -72 0
-39 -26 -19 0
-3 18 60 -18 0
-63 -9 36 -32 -10 -46 0
-15 17 0
-69 -1 63 9 0
43 23 1 8 0
-15 -39 -53 -42 0
-19 28 -32 30 45 -17 0
-15 -58 30 0
-9 49 -16 -4 23 30 0
-33 -48 60 35 -56 49 0
-58 40 -48 -60 0
-38 2 -66 -41 0
38 -20 -34 -31 0
70 -19 75 0
-51 -67 -50 -22 0
-12 7 20 -44 -6 0
51 -71 49 -38 43 44 0
33 71 60 -36 0
-21 -74 0
-24 -66 7 -62 -34 -22 0
-61 -3 10 -70 0
42 -20 15 -49 0
72 -13 -15 0
-55 -37 -44 -30 0
-25 -14 61 -71 -8 0
-25 -68 0
-48 43 60 -73 0
47 57 -5 -1 0
57 -60 0
56 -38 9 0
58 46 29 0
-24 -55 62 -41 0
37 -54 0
-11 -15 -34 65 0
-43 -10 0
-51 71 73 60 0
-59 4 29 0
-71 -26 0
-62 -46 53 0
-8 -58 0
-73 -35 0
37 -1 -33 -72 21 0
41 -16 -42 0
63 37 -44 -13 0
-10 -25 45 0
-61 -59 0
23 10 13 -32 0
-61 1 -38 -74 31 0
-26 -44 0
-52 -38 -36 -4 -16 0
45 19 74 0
44 -40 -50 6 0
6 65 74 -59 3 -64 0
-71 46 39 32 0
50 20 63 -70 33 0
42 -24 4 -33 -8 0
2 19 0
73 -29 73 -75 34 -49 0
17 58 -71 13 53 -22 0
63 -73 47 -9 31 0
17 -41 3 -11 -28 0
-48 53 -21 70 0
-39 41 60 0
35 9 -2 0
-66 -41 75 0
-52 8 21 61 -68 0
-22 -8 53 0
38 55 -67 0
-53 -4 31 23 0
-19 -25 5 0
60 -72 65 0
-16 -68 63 -40 0
20 66 -57 0
-62 -61 -37 -50 38 -43 0
-58 40 16 0
-48 -74 -5 -68 0
-57 -17 -24 -23 9 19 0
54 -57 57 0
58 52 74 36 0