c
c start with comments
c
p cnf 49 53
-35 41 5 0
-6 48 -2 29 29 0
-24 -18 0
35 20 39 20 -15 0
16 -26 26 0
-48 -14 39 0
-29 -17 0
-38 -25 38 25 32 0
31 39 36 -45 36 0
29 36 29 0
19 -23 24 37 -32 0
28 -11 -24 24 1 7 0
-19 -36 -20 28 -14 0
-25 2 43 0
22 -27 41 41 -35 0
10 38 -36 10 -12 0
17 -45 46 46 7 0
-43 41 -36 30 -46 -5 0
20 -37 8 24 -33 0
11 -47 -7 47 12 0
-15 -33 18 -25 -38 -48 0
-13 -16 7 0
9 -26 6 -34 48 0
18 17 20 0
-38 -23 -16 49 -17 -25 0
45 -15 13 0
32 32 25 -4 0
-34 -17 14 -42 -42 -15 0
18 -31 -10 -20 -8 -13 0
13 -40 -34 35 -44 0
6 -7 34 0
27 -8 34 -19 0
-24 46 0
-38 39 40 -40 0
-39 20 0
2 25 15 -7 0
-48 24 39 0
-10 28 0
-48 12 -28 0
5 -30 -1 26 -31 0
19 30 0
48 25 23 44 0
-3 -44 0
-45 20 -34 -18 -22 0
14 -25 -8 21 0
-25 13 -39 -24 39 0
29 42 -5 8 0
36 -8 15 0
33 8 26 0
44 29 34 0
-1 -24 -23 45 -46 0
-48 19 -16 12 0
13 -46 39 -48 -41 0