c
c start with comments
c
p cnf 43 107
12 25 -28 38 -8 22 0
-36 22 0
-36 -12 -18 8 -11 0
24 -17 -36 -22 0
13 -19 -20 0
3 27 -16 -21 -8 0
-3 9 -32 31 9 0
-41 30 -34 -4 0
32 -13 4 27 -24 24 0
42 -14 20 0
18 -4 7 -8 -41 0
-30 1 -15 0
37 23 20 -22 -17 29 0
24 7 7 3 15 0
35 -13 40 33 -34 0
38 -18 35 -23 -33 17 0
3 27 15 0
-42 -11 0
3 6 -20 -4 31 26 0
-41 16 37 -12 10 -8 0
-41 -15 32 4 0
20 -5 -34 9 0
12 25 13 0
6 27 32 12 0
33 -13 6 0
7 11 23 -43 21 0
13 -24 5 4 43 0
38 7 -15 6 26 -32 0
26 -6 -35 0
-33 -41 -2 -12 -43 0
-13 14 0
-29 -30 -23 -39 38 0
35 -9 13 42 0
18 -19 43 0
-24 -10 10 -16 0
-12 -35 -3 -3 -27 0
5 38 3 -30 -38 0
-22 21 -16 -19 -12 0
-13 -13 18 0
-29 12 7 13 -5 0
-8 -40 -18 0
13 1 -22 22 0
-41 -15 -6 -10 6 -38 0
-40 -9 35 6 27 0
-38 31 -10 0
35 -32 41 35 0
33 -3 23 0
-21 -16 31 -5 -10 0
6 17 -36 34 0
-19 34 24 -19 -18 0
29 36 -35 8 -17 -17 0
-27 -3 0
12 28 36 0
-39 32 34 -4 23 0
-8 -4 11 0
-42 -22 -23 39 0
23 27 0
6 -19 -6 0
-40 29 26 22 8 21 0
22 7 -13 -5 -29 0
-12 -37 -10 0
-13 28 5 0
14 -10 4 -27 41 -34 0
-23 25 -42 0
37 -25 -9 -42 0
15 20 0
-11 39 33 14 34 -17 0
-3 -38 -16 0
39 -37 33 0
15 -19 -27 0
-32 -35 17 23 0
-21 -32 -2 5 32 42 0
-3 -7 9 -43 0
22 37 21 -11 0
30 42 0
28 24 37 0
-20 -26 0
6 -23 0
26 -19 14 42 -25 -14 0
-22 -12 39 4 -1 0
-29 14 14 36 0
-15 38 -11 40 8 0
35 27 -2 21 0
-1 3 -15 -24 -16 0
33 -7 27 1 7 0
17 40 7 20 0
-34 -27 6 21 -11 10 0
20 -28 42 0
30 31 14 0
-12 35 39 -41 8 -29 0
-43 8 -19 -6 16 -25 0
27 -41 34 -35 0
-7 -3 0
-42 -15 -43 11 12 0
29 31 -28 2 0
24 28 -29 -22 5 0
28 30 -20 -40 0
-9 4 -32 -16 37 23 0
-12 28 -26 0
-42 -7 -1 12 29 -7 0
22 -3 9 -24 28 -2 0
24 11 -12 0
-37 -23 12 -7 42 16 0
-1 24 -27 -3 0
-23 6 0
43 -20 29 43 -2 26 0
-11 12 -16 -31 0