c
c start with comments
c
p cnf 65 100
-39 61 -46 30 48 42 0
45 51 35 -17 0
-53 -51 61 0
24 53 -18 -56 0
-50 -54 32 -30 -25 -56 0
13 22 -32 -58 0
23 -20 -53 -61 -38 2 0
-42 -12 45 53 -43 0
-64 -47 15 0
-17 -60 23 62 10 0
-19 -32 23 0
-52 -16 49 10 -13 0
28 48 -33 2 -36 0
-34 40 13 9 -29 0
21 -6 -14 -1 -46 2 0
38 -55 54 -41 0
-17 56 29 -63 -6 14 0
-5 3 -60 29 0
50 11 -53 -6 39 0
-4 -57 64 0
-50 33 -16 -12 0
-52 -54 -15 0
13 46 -5 2 57 -22 0
-56 -28 -60 53 64 -42 0
-21 51 0
46 -38 -65 -44 -21 0
31 -53 58 4 -10 20 0
-15 -60 45 -36 15 -30 0
60 50 -25 0
2 -38 -44 49 0
-46 -42 -58 -24 50 0
46 -38 0
40 -7 0
-31 -27 0
61 21 -64 -15 0
5 -21 -59 0
13 -45 51 15 0
-50 36 -28 11 0
-10 38 60 0
52 -33 -24 56 -52 0
61 -59 -16 -7 4 0
12 24 -42 5 52 0
53 -40 46 17 0
-54 -38 20 -65 0
-53 -5 -18 0
41 31 37 0
-61 15 -60 -27 0
-62 -25 -15 60 -54 61 0
-55 55 35 14 31 0
47 9 43 28 -48 -33 0
29 29 -27 0
-21 -26 8 0
-30 -21 44 18 -2 0
-46 -17 -54 63 0
-15 43 -44 27 0
-7 20 -1 40 0
38 -56 41 39 0
23 -13 0
-40 34 -44 0
-61 28 30 0
26 25 0
37 -32 -24 -39 -58 0
61 16 48 0
57 -24 -17 -7 0
57 -31 -62 14 -34 0
57 16 44 -5 0
-11 8 13 21 -12 0
-55 55 -32 7 -43 55 0
29 -59 30 0
55 5 -52 0
53 29 -49 61 0
7 -56 33 41 -15 0
30 -57 16 0
39 -25 0
-3 49 -47 32 55 51 0
5 -64 -15 -22 0
46 20 23 3 0
-26 36 54 11 34 37 0
-7 19 -35 0
14 -62 11 25 0
-27 19 27 6 63 0
61 51 25 8 -63 23 0
-4 -4 -58 0
52 24 21 -46 22 4 0
-17 23 7 0
-11 -10 -49 7 -30 0
-64 -62 0
-57 40 -41 56 0
62 -20 -25 -38 -2 0
59 22 -35 -28 0
48 39 19 0
-50 26 0
-53 -53 -36 -58 0
-37 64 -62 -7 50 0
-17 32 0
-39 35 -11 31 0
63 -30 34 -30 -35 0
-50 13 37 -3 -58 32 0
55 -21 23 0
-34 20 33 -52 -17 0