c
c start with comments
c
p cnf 33 65
-21 30 4 0
25 18 -6 25 -22 7 0
-12 -20 -1 -31 0
-16 -28 -2 0
6 17 0
26 27 -25 -17 17 0
-25 9 -26 3 32 23 0
2 16 6 3 0
32 25 7 -7 0
23 4 13 31 0
30 -8 0
33 21 0
24 -4 -6 4 -17 0
-21 -14 17 0
21 -10 0
22 9 30 -4 0
-19 -15 -11 -8 0
-22 -13 31 -2 0
-21 33 -32 0
-20 26 15 0
23 -13 -7 -12 29 0
-7 -7 -21 0
22 3 -17 -3 24 -4 0
-28 -23 0
2 7 23 14 10 0
-11 29 -6 0
16 -14 4 5 0
1 -12 -14 10 18 -9 0
23 -3 -30 -24 32 0
30 -15 29 0
14 12 0
-25 -17 26 0
15 -2 5 4 0
17 -19 28 -31 0
-32 -24 16 0
-32 -21 5 8 0
-23 22 -28 0
14 -19 27 -32 0
-13 8 0
-22 -23 -9 0
24 20 -6 0
-31 -22 -23 22 -14 0
-27 -16 -1 23 25 25 0
19 -17 29 -3 0
-21 16 -11 0
-10 2 24 -6 -12 0
-28 -27 17 0
15 13 4 -20 0
25 13 -8 0
-28 27 -14 0
17 -29 -4 11 0
29 -10 0
28 -1 4 0
-20 -31 14 10 -28 -23 0
-24 -29 -5 -20 0
4 20 -19 16 12 0
10 27 -9 0
-14 -20 -7 4 0
16 5 -31 27 -24 0
8 -17 13 -21 7 -16 0
-30 -18 22 0
-12 9 -21 -15 0
6 17 20 5 32 0
3 -17 -3 -24 0
32 -10 4 0