c
c start with comments
c
p cnf 83 324
25 75 53 0
52 33 -49 -60 -59 0
41 23 -6 0
-53 25 0
-14 13 67 0
50 -79 57 -54 33 48 0
46 -44 11 0
-5 -65 18 0
13 56 34 80 0
49 44 37 22 0
-56 2 -51 45 0
-3 74 -10 68 0
-81 70 63 61 0
16 6 -75 -10 0
21 38 -25 -38 0
67 36 -14 0
-6 -41 -6 16 5 0
36 -53 -12 -83 0
-76 53 -18 49 0
72 39 0
-80 14 -38 0
-69 -44 25 -82 0
-49 16 60 42 14 0
-79 52 0
-54 -25 -46 -29 67 19 0
59 35 -2 80 -45 -30 0
-69 7 52 70 0
-52 -81 -77 0
-53 22 -45 0
-11 -75 -65 41 -12 0
23 -76 -83 -72 2 -62 0
42 -43 -60 46 -6 0
-44 -50 76 0
-80 61 36 -45 15 -14 0
-62 -83 -17 0
-27 -44 9 0
-54 46 33 47 0
-37 35 9 -18 -5 0
74 81 26 22 44 0
75 35 23 56 -3 0
22 -23 0
-50 -76 61 -18 56 0
73 45 4 -77 0
-76 -58 36 -52 0
66 68 76 0
-31 -26 -68 -68 0
-26 25 -68 13 -38 0
69 8 -33 -44 0
-59 48 29 0
55 -54 55 0
-53 13 -36 13 16 0
83 42 10 -69 35 0
4 46 -56 -54 -83 0
69 35 -25 82 0
-73 23 44 -10 44 0
-52 34 0
54 -6 56 -78 0
74 -37 -33 0
-75 -82 -62 -22 67 0
16 -26 0
39 -80 -57 -76 -14 0
28 38 25 69 0
-58 -53 60 0
-83 51 46 19 -79 0
2 -14 -41 -58 0
63 62 0
-68 82 60 0
43 -80 45 19 0
-80 -33 46 0
60 35 -56 -5 26 0
-70 11 30 43 0
67 -2 0
-13 -55 24 0
21 24 0
3 3 11 0
-8 -78 18 -68 65 0
35 71 63 -53 0
-83 42 67 -14 0
37 -82 19 0
68 8 79 0
63 -82 0
-53 42 47 0
77 32 13 8 36 0
-29 31 81 -16 71 0
8 45 33 -62 17 -49 0
40 -82 80 0
13 16 0
-51 17 -32 8 -67 0
11 19 -14 -65 0
-55 -54 10 0
-69 12 -39 -29 0
-29 32 -51 0
-78 41 -79 -43 77 0
-46 37 49 -59 17 -32 0
-28 -47 42 0
32 69 -72 70 -2 0
30 26 76 28 -12 41 0
74 -82 42 26 0
-37 -11 60 68 0
27 -66 22 42 75 0
6 -57 34 -31 -28 -6 0
38 -61 79 0
-37 80 -33 0
-6 56 -11 -19 -36 0
-59 17 25 -22 26 0
57 -9 47 -60 -39 11 0
-48 -65 79 0
-36 5 -3 0
-58 60 -36 -17 -10 -8 0
-67 26 0
69 -62 0
34 -52 43 25 49 0
59 -64 -28 0
2 67 18 16 -65 0
-28 -63 7 0
-42 51 16 46 43 0
-41 -73 22 0
-83 45 -67 65 -76 0
9 -11 21 -25 0
20 -5 37 -55 -69 0
-77 10 69 0
-35 59 42 6 0
5 82 22 19 25 -70 0
59 19 64 0
2 15 26 -19 0
-77 26 67 0
24 55 0
-17 13 -7 -20 -9 0
11 21 -43 12 5 0
83 71 -16 -65 -24 0
-52 -76 -20 -41 0
77 -65 -66 0
-81 59 0
40 73 8 -31 7 0
5 -17 19 -21 0
55 -80 22 0
-52 42 -27 0
-61 -22 38 48 0
6 -9 0
13 52 -13 -52 0
41 33 36 63 -70 0
-6 -17 -75 77 -29 0
56 68 -37 -28 -79 0
-9 -7 0
-31 -62 81 74 -46 0
34 17 0
23 50 9 -37 21 0
-72 -4 -30 71 -47 0
31 44 7 54 0
46 -31 52 64 0
14 -43 19 -58 51 0
-6 -65 46 -4 -75 0
7 18 82 -6 0
9 -7 -61 20 0
-17 -65 -5 26 -76 0
-72 43 -53 17 0
-76 -62 0
-26 -4 66 -16 -20 0
-64 -74 11 9 0
70 70 -19 0
1 6 0
-35 -71 22 0
-53 -21 -23 0
-4 -62 -13 0
9 -41 22 35 -26 0
30 45 66 -61 0
-38 70 36 0
-83 81 0
-78 -75 34 0
-30 63 33 0
-62 33 65 0
17 -76 26 -41 0
72 55 -57 -39 0
36 8 32 57 15 0
-32 -38 5 0
62 -61 -32 0
-2 -41 46 35 9 0
-82 -68 -22 -72 0
-19 70 54 -57 78 0
66 -16 31 -52 -62 0
-67 81 -74 -65 82 0
2 -67 74 -13 0
-26 -5 45 -74 0
56 -83 -79 82 9 -63 0
8 4 -24 0
-60 -74 -47 8 0
-69 -21 2 62 58 0
-82 54 12 0
-79 -30 26 -6 0
9 -62 -63 0
-43 14 0
-37 82 40 8 -35 0
-75 -13 2 0
13 47 77 35 46 0
-6 -42 0
-70 -25 -40 -21 0
-23 -20 -14 -68 31 35 0
69 -38 3 53 -36 0
-41 -27 0
-28 46 -68 73 70 0
53 68 -28 17 -25 58 0
38 55 -40 0
77 -33 -72 -76 -70 0
54 -62 0
-55 -39 23 -40 0
-53 59 10 0
21 55 44 -62 78 0
-63 -43 -61 -37 0
-42 -18 -42 -81 0
27 -2 -74 28 -57 -79 0
-25 54 2 36 -45 0
27 32 22 0
27 70 -56 -47 -30 0
48 -62 -1 38 64 0
82 60 -60 0
53 -25 -34 19 -15 53 0
22 55 0
-55 8 -56 77 -71 0
-46 -51 0
78 3 -7 76 0
16 57 19 -73 0
39 -10 0
27 82 2 0
-18 54 69 -39 -42 30 0
56 -45 -14 0
-31 -68 77 37 0
51 -24 49 0
17 21 23 66 0
67 16 -56 -19 -59 -45 0
-51 78 13 0
58 50 47 57 0
-8 15 75 -6 -25 0
77 9 -39 60 0
35 -45 -24 63 0
-38 52 -25 0
-11 22 77 13 11 0
37 30 11 0
53 -77 -61 -60 0
-76 -39 -68 52 0
72 29 44 53 0
-65 -39 -55 0
28 -52 65 -5 0
-10 -62 69 12 -68 83 0
-80 61 60 12 0
-57 -68 62 -27 54 0
66 -42 -69 -39 45 0
21 67 52 -39 20 0
-25 -32 0
55 -19 -81 33 0
-13 48 -10 59 -56 0
-48 14 -43 0
83 17 -51 0
-77 56 -66 20 65 0
-73 16 -68 25 0
-32 -61 12 -14 0
-32 -2 17 0
32 57 -32 0
-37 -10 0
24 80 -79 -15 -36 0
46 59 63 0
-25 6 46 -31 -2 0
-41 -17 -24 0
-23 42 -22 -63 -18 12 0
-25 -40 -56 9 0
15 -46 -8 0
-38 -70 73 70 0
47 82 0
34 48 23 -10 51 72 0
81 74 -24 62 -4 68 0
-35 -60 -40 55 55 0
77 -40 0
-51 7 20 -40 0
76 -46 23 -29 0
-19 42 -49 14 0
-2 74 49 -23 0
29 18 6 66 -77 -75 0
-46 -55 0
62 79 48 -61 71 -22 0
-54 -69 -19 -13 -82 0
-80 -39 71 -52 -8 0
71 -1 30 0
-75 -69 0
-12 83 -76 -43 0
-37 -4 30 0
40 6 47 -16 0
-66 -36 0
-69 -72 79 -28 0
13 -17 17 20 -11 0
-16 -23 0
3 10 -71 0
31 49 78 0
65 -83 44 0
-13 51 0
73 38 83 -82 0
-4 -36 -19 22 0
-16 26 83 -22 0
-48 -47 66 0
-40 -25 -56 -42 0
72 31 71 0
78 -42 1 -1 0
69 -22 0
16 31 -5 26 -42 -73 0
66 -44 24 -26 0
-70 -81 11 64 21 48 0
-49 -69 0
-65 11 -81 0
41 -80 0
66 -26 0
62 43 37 66 0
6 53 60 -12 -36 0
-42 79 6 57 0
-82 -42 -8 -61 66 0
67 -6 0
-4 12 4 58 -53 41 0
-38 34 74 0
-68 41 -52 -24 74 38 0
70 71 24 30 -59 14 0
40 46 -24 55 13 0
10 -69 -74 0
-30 -24 76 0
-72 -79 -82 -35 -11 0
-74 76 32 -59 -70 -57 0
-35 80 -20 13 0
-39 -70 -38 37 -82 55 0