c
c start with comments
c
p cnf 58 165
35 -13 -51 0
-13 28 -7 41 0
41 -10 -20 -48 0
-52 -8 53 0
40 46 0
51 -48 21 2 -24 -50 0
-14 10 1 -49 0
-57 11 -54 43 -3 0
-8 -32 -17 -32 -35 0
-55 35 17 25 0
50 -46 48 -35 41 0
3 38 -10 0
54 31 17 0
-9 -6 30 25 0
45 37 -2 -8 -16 0
-56 -41 5 50 21 0
50 -47 3 41 0
15 -26 53 4 17 0
-48 16 8 -47 0
-39 -20 0
18 -12 23 0
-38 -15 -3 -41 -52 0
-41 4 -8 0
44 18 -58 34 0
-29 -2 18 -21 19 -44 0
46 29 43 0
-40 -5 4 0
10 57 -18 5 21 0
23 41 26 56 44 -53 0
27 -21 -35 25 53 56 0
-45 29 19 -16 -45 46 0
9 29 -19 -10 -18 30 0
-48 -31 -25 0
-53 51 35 3 0
-28 53 -16 -37 -23 0
54 -55 41 0
-27 4 27 -50 6 0
-27 11 -4 19 -27 0
-44 29 0
45 7 -9 0
-47 3 55 41 0
-1 -3 -55 34 0
-27 -1 -41 25 9 0
47 6 55 31 -53 0
15 -26 41 -27 0
13 -21 -32 0
19 -44 0
54 -42 -53 0
19 -47 -42 14 -17 0
-45 24 -32 -34 -26 0
-40 -17 -20 21 8 -20 0
-22 34 24 35 55 0
20 -29 11 4 0
-39 6 -32 0
32 45 -5 0
-24 6 43 19 1 0
18 -43 -27 15 0
-35 10 33 19 0
-47 51 -1 -40 0
28 -51 -47 -24 -13 0
-15 -10 0
-45 34 0
33 -38 -51 0
34 -22 0
-29 56 18 0
18 15 -30 22 28 0
40 36 -29 38 0
35 -7 0
-56 8 21 7 -50 0
-54 15 25 38 20 0
-6 -23 0
-18 -14 -14 0
-14 15 -21 4 0
-11 31 -3 0
12 29 9 0
-51 10 56 -57 14 49 0
-20 -44 -6 0
29 48 26 0
52 50 21 0
7 45 -24 -24 0
51 23 0
-2 -4 -28 0
28 -49 -51 -48 0
-30 21 -7 -51 -25 0
-19 4 -39 29 -20 0
7 42 10 26 0
-41 -43 0
-6 21 34 30 9 0
4 -55 18 -19 0
-53 -29 16 0
-49 -22 11 0
17 -2 31 8 -14 0
-39 56 1 -15 -53 0
-2 -49 -11 23 0
52 12 -29 0
21 19 47 50 0
30 16 -2 -44 0
43 -18 -55 0
10 -45 58 -7 0
-49 12 -42 -26 18 -12 0
30 -46 -37 21 -15 0
36 -4 46 43 25 0
-17 15 -41 -51 0
20 15 17 0
-41 -44 36 31 28 0
-9 21 10 32 0
8 -48 17 0
-25 13 42 0
33 -21 0
49 36 -9 -12 -16 0
49 -48 0
-45 -6 7 0
-26 -10 -4 -49 -22 5 0
27 17 13 -21 34 0
16 42 -46 -2 15 44 0
25 43 -5 -18 37 0
16 47 -44 0
55 4 -34 -43 -3 -40 0
-37 14 -27 0
-55 -45 -42 -13 45 0
-54 -43 18 -47 55 -40 0
47 -35 -19 0
-25 -31 -21 0
33 -31 -4 -29 -25 0
-1 38 41 -39 0
24 15 -41 -34 0
-57 -40 -28 0
-41 -54 -39 0
16 -47 43 0
-19 -46 53 -30 0
-3 -20 11 0
30 -13 54 0
31 -5 0
15 5 31 -3 19 0
-53 -55 0
-51 -58 -9 18 -42 0
26 18 -48 -52 -41 0
26 49 -19 29 0
-30 -33 16 14 0
-33 -6 29 50 -14 0
10 54 -33 -5 -22 0
30 49 39 -22 -32 0
-36 46 -5 -47 -56 0
52 6 33 53 -31 0
-2 8 0
-31 55 -31 -14 49 -25 0
49 53 -52 -11 0
-6 40 -44 42 26 0
52 42 21 -45 22 0
3 -1 36 56 41 -22 0
-42 26 33 0
-26 49 -51 0
57 -27 47 33 0
-29 10 53 20 -49 0
-52 52 46 -43 18 7 0
21 -45 -33 0
56 41 -36 54 0
-31 -31 55 0
-54 28 -11 0
-12 48 -14 -18 29 -46 0
-3 -54 29 4 29 0
27 -37 -39 5 29 0
-51 31 0
-36 -37 36 -6 -33 0
-35 26 6 35 -8 0