c
c start with comments
c
p cnf 55 197
-48 -16 34 -44 48 0
2 32 7 -16 0
40 6 10 -33 0
-34 36 24 55 0
11 -12 23 -29 -47 3 0
36 35 13 14 -54 0
-16 -14 -10 -6 51 17 0
-28 36 0
-1 17 -33 -8 -35 -41 0
-26 25 -1 -39 0
-36 34 -25 -37 0
42 13 -47 -54 -12 0
14 26 -52 6 -25 0
27 -35 43 26 0
-42 22 26 37 -35 -25 0
41 -7 34 22 0
5 15 -32 13 0
-6 -14 -14 -28 -46 53 0
-40 -5 45 0
19 35 -3 -11 -3 -46 0
-23 7 20 -22 52 0
-37 16 -32 -44 -11 25 0
23 4 16 22 -28 0
48 -20 0
-29 -5 -40 53 0
-32 -7 49 46 -37 4 0
26 -11 47 25 0
24 -27 42 48 0
54 -26 -18 -26 -8 0
24 -4 49 4 43 -19 0
-49 22 -49 -36 39 0
-4 35 54 0
2 -40 -54 0
10 -24 -26 -7 -41 0
-45 9 -52 -9 0
-34 -14 -16 44 -34 0
-34 -35 35 0
38 -49 35 2 0
42 -29 -53 37 0
28 37 0
-32 -30 -12 0
-54 -6 -25 -39 22 0
-11 -4 0
-42 -23 42 6 -4 0
-31 -53 0
-26 -6 -24 0
3 -14 -30 43 0
-50 50 42 0
22 -33 -4 44 15 37 0
48 14 50 -8 43 0
-20 20 52 15 -14 0
-50 -14 29 53 16 0
-26 -37 -10 41 0
15 52 -2 15 0
-46 -27 -24 -9 0
34 -17 27 39 -2 0
55 -33 -51 8 28 21 0
19 38 -7 48 -11 0
-22 44 -45 0
32 -30 13 -37 -39 0
41 11 39 0
-5 43 -14 0
-17 45 -43 37 0
-3 51 0
8 9 -18 5 -25 0
-54 47 -27 0
25 -45 -40 -33 3 51 0
-32 40 0
-45 2 0
-26 -49 50 0
-47 20 -45 0
-43 -16 0
-12 35 -51 -29 -36 0
51 34 -27 -45 50 2 0
-36 35 -30 -42 2 47 0
-50 44 51 10 0
43 -40 -31 0
21 49 45 -3 8 0
12 -16 -8 0
31 -11 0
-4 6 6 0
32 -39 -5 0
6 -22 44 -20 0
10 -44 36 40 14 -3 0
28 -52 32 27 -20 -42 0
-14 -45 9 49 -3 52 0
-4 -22 23 -52 14 0
53 -21 0
53 -28 49 32 0
-14 -7 -54 40 0
-44 6 16 -6 0
27 12 18 48 23 0
-37 -48 0
-21 50 42 16 -45 0
38 48 0
-40 -13 8 31 -3 0
-11 47 53 -41 0
-53 45 -33 -36 0
50 42 -44 43 0
-39 35 32 -37 -16 0
-47 43 -37 -9 0
15 51 -19 -4 0
13 46 15 0
-33 25 15 20 0
-38 25 -47 39 0
-51 39 0
33 -34 34 0
22 47 0
-54 3 -26 4 -7 0
7 -28 0
-8 36 -7 0
32 -4 6 50 0
29 47 -54 -25 38 0
40 -49 -42 41 15 0
-54 -23 34 -2 -53 0
12 34 -40 0
17 -34 -29 25 31 38 0
-6 -36 32 25 0
51 14 0
39 49 -5 13 4 -53 0
-37 19 -27 -54 -47 10 0
-34 -35 -46 -50 -45 36 0
31 -53 4 43 0
-43 -20 31 0
19 -19 -28 0
4 34 -36 8 -53 -4 0
-34 -13 -40 0
-42 -17 47 0
-10 9 -35 11 18 -54 0
13 9 -9 17 2 0
-27 38 -49 -26 -51 0
-5 -45 51 37 0
-33 -33 -14 -40 0
4 -18 0
20 7 -11 9 -19 21 0
-44 -25 0
-53 -19 0
-12 7 0
9 24 10 0
-52 2 0
47 -37 -20 -33 0
-27 -50 48 -43 -31 0
52 12 -34 0
33 -30 35 0
-50 -7 -18 -41 0
-38 -15 -51 -6 20 0
-17 36 24 27 8 0
40 52 -1 32 -9 0
-35 -20 43 0
-29 -42 0
-15 29 9 -19 0
53 14 -39 27 0
-44 -44 -39 50 0
3 31 -36 0
-36 19 34 1 0
-28 6 7 -16 0
-4 43 -51 -52 0
-38 2 31 -11 -15 0
49 -11 14 -37 -41 0
49 25 -18 -12 12 0
-37 -23 18 0
21 50 -33 0
-16 -11 -15 0
-3 -15 -54 1 -26 -13 0
39 16 52 2 -7 0
-2 -31 0
-12 34 39 -17 26 0
42 -33 -44 27 45 0
-6 -44 24 0
-8 -35 4 0
7 53 41 29 0
43 24 -52 28 0
-49 9 36 40 0
10 -8 23 12 0
13 47 -10 5 45 0
3 -27 33 -12 33 38 0
-4 2 48 0
-50 -18 38 52 0
-20 33 -31 0
-47 -24 30 37 0
44 31 -5 35 0
21 35 -15 28 43 34 0
-20 24 38 0
-15 1 0
-47 -14 6 -8 50 -49 0
20 36 -22 -40 32 0
25 -53 0
-15 -51 -26 -23 0
17 -43 -4 0
19 47 -36 -32 6 37 0
48 -46 47 33 -13 0
-4 7 -41 8 -40 0
-51 49 0
54 -34 -43 0
-42 -6 55 51 -29 0
-23 -29 9 0
22 -25 -30 -20 -43 0