c
c start with comments
c
p cnf 58 252
-8 -24 0
-55 30 0
25 -8 -52 33 0
10 -52 55 -51 0
-56 -26 31 0
-33 -53 -8 0
44 -4 26 -48 43 0
42 -26 31 0
-23 -4 43 47 53 0
54 -25 9 0
-11 -9 30 -38 -5 0
14 -22 -30 56 56 0
18 -6 10 -16 32 0
-15 -37 -34 -40 0
-44 -44 -29 -49 52 48 0
56 -3 -17 24 0
38 25 -34 16 57 0
2 2 0
53 37 23 -45 39 -41 0
-24 47 -41 19 0
12 27 0
38 -52 -27 16 0
20 10 10 0
-12 -41 -6 -28 57 0
13 20 31 -21 -55 0
31 35 48 0
28 -55 -51 0
12 22 -5 -17 0
39 10 25 48 22 10 0
-9 40 -57 0
47 -15 -20 28 -3 -26 0
-4 18 -47 -27 25 0
28 -16 0
-25 -32 2 55 53 -42 0
-3 -37 55 5 31 0
33 44 36 40 -26 5 0
50 33 0
4 12 51 0
-10 18 -37 0
-40 32 -10 23 -42 -14 0
-29 -21 51 0
10 32 8 4 38 40 0
10 -46 18 -25 0
-26 35 24 0
-25 -3 -14 -42 0
46 -55 -47 37 0
52 -38 40 40 19 0
38 38 -52 0
31 -17 -37 0
26 52 -20 0
54 -43 -19 -45 44 0
-44 56 17 0
-52 -23 44 0
53 -24 -25 -57 0
27 22 0
11 -41 -51 -25 0
10 -14 0
23 -52 -21 0
-3 4 6 -45 -41 0
-27 -20 -41 -24 -33 0
32 -43 -27 0
54 14 12 0
-9 -12 -13 16 -5 8 0
-53 53 -1 0
52 -35 32 0
11 55 -49 42 0
-23 47 -38 0
-53 -25 5 0
34 12 -19 38 22 0
16 2 -12 44 -29 9 0
10 -30 35 0
-49 3 -25 0
-22 48 -16 0
53 7 17 -3 0
-18 4 -21 0
-53 39 -41 -28 -23 -11 0
23 9 24 10 -19 0
9 -1 0
29 36 -11 -41 14 0
38 7 24 -52 20 -6 0
-57 -43 56 -5 23 0
-6 48 54 -20 0
48 -17 0
-25 8 -36 0
-30 -21 10 0
-28 -57 21 27 0
44 9 2 0
-42 24 41 -55 55 0
-31 10 49 -12 0
-3 -20 -43 -31 0
1 -7 -39 38 0
-22 50 28 6 0
-2 29 -57 29 47 0
51 -29 -31 0
58 49 17 0
18 -27 40 43 47 47 0
18 -51 -56 -13 0
26 30 -39 0
-46 -41 24 0
2 -48 -23 -9 -12 0
-54 -4 13 3 0
21 49 0
5 -3 -13 9 -5 51 0
-45 -39 47 0
11 -47 2 22 -32 0
41 38 30 0
2 -28 51 0
-46 7 -8 -58 49 43 0
40 -57 -40 -5 -34 0
-4 52 -47 -31 5 0
24 -50 -35 57 34 0
1 -2 7 32 19 -45 0
35 11 -16 0
49 -19 -30 -57 -45 0
49 -12 27 0
-13 -23 -38 25 0
14 33 -40 -3 -56 -29 0
-24 53 -28 -12 -35 0
-14 -52 0
10 21 -7 0
-48 -31 18 -55 0
-12 -20 0
21 56 -19 0
7 28 -29 10 0
7 -44 5 -6 0
-56 -22 -33 -47 0
47 8 44 -23 -48 3 0
-34 -19 37 0
46 46 25 0
35 49 4 0
-42 7 -52 49 -37 0
-57 -58 -47 0
26 -2 -26 -47 0
-2 56 10 0
-2 38 39 -44 0
-22 26 -23 -9 -24 0
-46 45 38 -24 -30 0
8 -47 25 -30 0
7 24 -14 18 0
-38 19 0
8 8 -47 0
-7 -5 -17 -42 0
-13 -33 22 -48 0
-47 42 -6 35 38 16 0
-9 -9 2 0
23 42 44 -38 0
-39 2 -17 0
-33 21 0
39 15 -19 0
33 -26 38 0
38 28 50 -7 -40 0
-38 -18 7 0
-33 16 -19 14 30 24 0
-20 22 -25 -17 0
-41 -34 -43 0
-33 -21 13 0
53 6 2 -14 8 0
-50 52 -39 15 0
-6 40 -22 -17 -35 0
-52 -15 -4 0
-52 39 11 -18 3 0
-27 -31 -9 0
42 5 38 0
41 -50 45 33 0
-23 49 0
-14 42 0
33 -18 45 -7 1 -3 0
-51 -46 0
37 56 22 -13 -46 0
17 30 26 0
-5 -5 42 51 0
6 22 -6 -37 9 -33 0
15 -4 2 -27 0
-57 -48 -41 0
-10 32 0
55 26 -21 -58 -6 0
6 3 44 0
8 21 18 18 -37 0
-54 -56 -23 24 0
-23 26 24 3 -30 0
-21 -45 56 -45 -25 0
27 12 -24 0
-24 -11 -4 -37 0
-14 41 0
30 -49 -15 -17 0
26 -24 -21 -54 0
-5 -5 55 -11 0
-16 -23 -35 3 0
7 4 17 -9 -27 -49 0
-23 38 29 0
6 43 51 0
-38 -28 55 7 35 0
-52 -27 -53 -32 -42 0
47 55 0
54 -17 -22 18 0
-12 -54 40 -3 0
3 42 -15 46 0
-46 50 -34 57 0
35 -35 0
20 -46 0
10 -46 0
2 -41 -36 58 0
41 10 57 0
-7 27 -50 16 0
-7 -53 -19 46 0
24 -35 0
-8 -28 12 0
7 20 6 48 -10 0
-36 30 0
33 5 -38 -24 -14 0
12 49 4 0
-32 29 -18 0
11 -16 1 -53 0
45 -31 -27 53 -29 0
-24 46 -17 6 0
48 -54 39 -49 5 -7 0
-31 47 23 -34 0
-39 19 -36 0
-54 11 -15 -31 44 0
40 -52 -51 0
-56 -33 23 -54 7 0
-28 49 -53 -37 0
14 41 31 0
-6 28 -33 -36 0
4 38 -19 -25 0
38 32 18 0
-22 -37 30 -18 53 0
-2 -6 29 23 12 0
22 8 -35 -33 0
-57 50 0
-51 -18 -47 32 0
-11 58 -57 -47 0
-25 47 -24 7 19 0
50 -54 -55 0
2 40 2 0
-56 20 -23 -19 48 0
-50 53 13 14 0
25 -17 -52 0
15 44 39 -58 0
-49 43 -28 -48 -45 2 0
37 38 -35 -54 -25 0
44 4 -34 -10 -42 -46 0
-40 28 -23 0
47 17 0
33 31 29 -22 -14 0
-18 26 -28 0
16 -47 -35 29 0
-18 56 -2 58 0
-17 -34 47 -18 16 0
33 39 24 0
-15 2 -34 0
28 -46 -51 -10 -52 0