c
c start with comments
c
p cnf 135 616
67 -28 -126 0
-119 -78 100 -113 0
36 -47 -65 0
110 -76 101 113 103 -134 0
91 57 -64 0
10 -63 75 57 0
-121 14 105 -29 22 0
44 87 98 -111 0
-117 4 -90 50 7 0
74 -14 30 16 0
82 54 81 105 0
113 -121 0
63 -11 80 -104 -16 0
81 -6 59 -77 0
-22 -30 56 0
77 -3 20 -112 0
97 102 13 0
6 42 0
28 -31 -103 121 -104 -121 0
-61 74 -97 -18 0
67 -18 85 0
-44 14 99 60 90 123 0
42 8 -65 40 0
-20 -74 -79 12 0
135 103 45 -82 -130 -41 0
-81 -56 122 -124 0
124 -69 66 68 33 0
34 104 -99 0
133 25 -15 -104 62 -3 0
10 -50 6 110 106 90 0
128 -130 0
-122 122 0
125 -106 -46 32 0
24 -126 0
-111 -73 -35 111 95 0
-41 100 0
104 -115 123 0
-82 -28 110 0
-23 12 82 0
61 -9 17 0
86 65 0
-102 63 -84 -116 -65 0
69 90 -120 72 -108 0
-73 -14 0
-70 -107 0
85 -21 -63 -44 0
-12 118 92 -102 0
119 -106 -10 0
80 -62 -103 -124 93 16 0
-111 -14 35 -117 73 93 0
-18 -111 -76 -119 3 0
72 -114 -53 22 -111 99 0
-110 -18 -117 0
-49 -39 92 52 0
-108 101 -108 29 0
-26 31 0
-10 61 -120 46 0
-94 -102 59 -54 0
-123 -58 -41 -8 -69 0
46 -43 -53 -94 0
-24 48 82 55 50 -87 0
-126 -32 -118 -124 0
63 113 0
-76 -14 47 -119 7 0
-91 39 -89 -93 37 -77 0
-13 51 66 0
116 123 -71 24 -73 -40 0
-79 -31 44 3 35 -18 0
69 123 17 107 0
-47 72 81 -92 0
-97 -74 49 -17 0
117 33 74 -78 25 0
-52 -12 -86 -117 0
28 108 132 0
-86 -121 112 -3 -24 0
32 -22 -113 0
-65 91 -23 37 122 0
-120 -71 -96 0
7 -16 118 89 0
-2 -16 46 0
-123 125 -126 -58 -7 0
-69 30 104 127 0
59 125 -25 0
-128 84 -88 -67 -75 0
49 70 78 135 0
-46 44 -103 0
-43 73 111 0
69 -86 -127 13 -36 0
19 -73 97 -64 0
-45 -40 0
-90 -69 2 -103 24 0
66 -121 8 -7 0
91 -65 61 0
-28 -15 15 -97 0
123 38 103 -124 88 32 0
-129 -43 -47 -21 0
-62 46 20 105 0
-44 114 124 121 -61 -73 0
-103 -108 -15 98 -73 0
125 -98 -116 -40 81 0
-132 134 87 -59 -51 0
-85 22 124 86 0
-128 -7 -11 0
-26 33 32 118 -135 0
-28 -16 0
97 -127 113 0
-109 -10 82 -115 112 -51 0
-63 28 -90 58 -45 0
-100 -49 10 22 0
35 40 -47 23 0
-87 87 14 58 85 0
-98 -2 -78 79 0
-125 -104 -28 0
-39 -102 51 61 0
-44 -74 3 0
-111 90 -60 -50 72 0
-33 -10 44 -117 71 20 0
69 40 -102 -57 -88 75 0
-63 -128 0
-29 71 -127 -16 0
47 72 58 -19 -134 81 0
-102 83 -84 22 0
117 48 -60 113 -102 0
-31 80 29 102 -19 30 0
-47 -32 94 122 -132 0
-15 40 0
113 83 100 48 76 0
-127 -57 94 18 0
-87 -45 107 0
110 -14 81 0
-92 101 0
90 116 85 -15 0
30 -43 18 -54 26 0
11 96 -89 0
103 -41 24 -86 -52 0
-78 -112 0
94 83 75 -34 0
-74 -94 91 0
-40 -134 -75 -134 0
83 82 -58 65 97 -15 0
-114 -53 -82 0
-62 -57 108 0
30 -11 103 55 -123 52 0
-83 -41 9 -86 -104 0
-124 -38 -96 0
-54 -63 -11 -72 46 0
-37 -83 91 0
-108 -13 -2 -121 -31 0
-103 125 53 -48 59 0
82 64 103 68 -128 -47 0
-1 106 28 -87 0
-120 -16 17 0
-92 -128 125 35 -74 0
-17 111 -43 0
-29 -86 -59 0
23 -54 -71 0
-44 23 -21 43 -30 0
-44 -67 -19 0
-34 -101 -18 -53 -50 0
80 -7 -131 -126 -34 -6 0
-84 72 -9 0
-128 -134 -51 0
-75 -82 115 0
-110 -16 -129 25 4 0
55 -116 90 -81 0
-129 124 51 3 49 63 0
66 -113 19 0
-107 -98 130 -62 -33 0
114 -76 56 0
55 -81 0
129 36 112 -13 -5 -114 0
-70 -55 26 -126 0
-108 30 80 0
121 34 73 0
132 100 124 0
23 -59 75 -40 -8 0
2 -74 -7 0
100 14 1 -25 0
1 -119 0
27 -107 3 63 -35 0
-5 -5 61 -43 128 101 0
-55 40 17 0
-129 -88 -118 0
4 -59 -30 0
87 -33 -53 62 -18 0
-108 -43 -32 -8 106 124 0
-70 57 21 83 0
-117 -73 -108 -110 28 0
86 -58 35 0
57 115 -38 35 81 0
36 -22 0
-132 -26 -33 0
56 -39 -128 0
-46 -63 -34 -110 14 0
72 -134 -51 3 -124 0
-22 72 -76 0
112 -37 -35 32 0
37 101 -99 100 109 54 0
129 72 -6 59 -129 -89 0
33 61 -36 0
-84 -11 0
18 55 -111 0
-114 39 -45 -53 -1 1 0
4 -21 -93 0
-85 -97 62 0
33 11 -33 -14 0
15 51 -130 0
124 104 3 0
36 51 0
7 -54 129 13 88 115 0
-23 88 -133 28 -66 0
12 112 -10 -109 -12 0
16 -48 0
-78 116 0
-37 -125 0
109 97 -3 0
81 -127 -72 -21 0
29 -21 -115 0
4 -12 0
-119 68 -117 88 -127 121 0
89 -26 -2 0
-61 9 32 0
-94 55 49 98 105 0
21 3 50 -99 -95 0
-108 -94 0
-119 -52 61 0
-123 82 -33 9 58 0
-11 -86 -127 21 131 0
7 41 0
-30 23 -2 72 -24 80 0
106 -60 -66 0
17 -116 -49 0
-115 85 28 -103 0
107 -81 -128 0
-99 99 48 -41 0
12 -133 -53 34 0
-75 -11 99 15 130 59 0
-79 -10 21 -50 -134 134 0
7 -43 118 -28 123 98 0
58 116 -126 116 0
53 48 56 -1 0
-1 7 -48 0
103 -12 -25 -94 -5 0
56 74 77 0
-126 -55 -89 -40 0
44 14 -31 0
87 83 16 31 0
-26 41 95 86 0
-37 -38 -100 54 -28 0
20 24 -54 32 0
78 47 91 127 -73 23 0
71 116 -128 0
99 -134 128 -19 -31 72 0
-119 -23 -118 0
-94 75 103 -27 -54 0
-13 7 -113 81 -91 0
-60 45 52 0
-94 -134 -50 -87 0
43 47 -83 0
46 -91 131 -61 80 0
-88 -34 108 0
56 -38 73 0
-106 18 -53 27 117 0
-40 -112 -28 0
-74 -85 16 -128 0
127 -73 0
62 -80 12 -63 -99 0
-66 -53 74 111 59 0
26 64 96 -122 0
-38 -56 0
-106 101 -81 -68 0
59 95 0
57 81 -55 22 0
-17 37 24 105 0
77 58 70 -40 -23 0
-56 -88 0
-109 94 99 0
-56 8 -57 -12 0
-29 -95 76 100 -109 0
-50 25 -102 30 -14 0
-13 87 25 45 25 0
-78 74 29 128 0
45 -90 131 0
16 -15 -46 -56 0
48 35 -59 0
-15 -133 0
3 135 38 0
77 113 14 0
40 -81 9 -104 0
70 -133 -18 107 -130 -45 0
-111 -8 -118 0
-21 -98 78 111 25 0
-131 -62 -60 120 0
109 -115 -109 92 0
-98 -42 -74 0
-43 -28 5 0
28 -16 96 49 33 0
65 76 -39 -87 0
28 -127 128 107 126 -77 0
-63 -7 0
90 -124 25 35 0
-59 7 44 -59 -130 -79 0
-2 3 0
64 -95 -25 -125 0
-78 8 119 -51 0
19 8 91 113 51 0
-83 35 32 64 108 -77 0
-84 -37 55 62 0
113 -134 -73 0
39 106 0
-127 -127 42 -118 0
-73 77 -79 64 0
-5 -113 97 0
4 130 -38 28 0
103 5 -28 87 -92 0
21 -94 -17 -115 -125 0
-68 46 -81 -83 0
63 -63 131 -28 -107 -12 0
69 105 111 0
81 39 43 -67 29 0
66 120 -113 0
-102 -7 29 -86 0
-113 111 94 127 0
115 -4 -110 0
82 -8 113 -20 -90 0
48 -45 -55 104 0
-86 -99 -119 -121 3 0
38 -38 -94 -65 0
7 10 92 0
-117 -109 28 2 0
-113 -48 113 18 0
-42 70 0
-125 61 0
-56 41 61 0
13 -49 0
126 -128 -5 82 -19 0
-76 -119 -29 95 -107 0
7 -84 132 -124 2 0
69 -134 -100 -75 -27 86 0
64 47 -89 130 -53 -11 0
23 -14 -100 -78 0
-33 -115 -86 122 17 -125 0
-126 -91 43 -60 -123 0
-28 132 -131 0
64 4 78 30 -80 -42 0
96 80 111 0
-68 -120 13 83 -119 0
-33 42 -50 -61 -69 0
98 -98 -120 -63 0
92 -114 -38 83 -72 0
-64 -123 20 -8 80 0
66 16 -98 -53 0
14 75 71 -122 0
-15 -46 -132 -17 -17 0
-52 83 -79 0
-5 -59 29 -7 -52 -135 0
129 -65 123 37 0
78 -59 -39 0
28 80 -35 -126 0
-21 -68 0
-53 116 101 -10 -97 0
121 -81 0
45 -19 11 -109 0
-120 -97 125 0
-76 -53 109 131 -68 0
107 61 115 -45 0
124 93 -91 75 110 0
-99 -116 0
-90 81 -70 -65 0
-13 -120 -33 -72 -52 0
69 -87 -55 95 0
-37 90 -3 -48 75 -132 0
62 14 35 -127 121 123 0
96 -77 84 -103 -121 42 0
27 103 107 10 0
125 -49 70 -64 86 55 0
29 22 -97 0
-2 -19 109 -58 -121 0
47 44 39 62 -134 0
11 101 -31 0
-23 -25 -97 -12 -1 -91 0
115 -107 125 41 12 -78 0
68 -42 -22 -122 -58 25 0
-59 64 -67 -41 10 0
-24 28 -59 0
18 119 95 -119 75 52 0
-51 -99 83 -44 50 82 0
-134 133 110 0
126 24 -59 102 95 0
-3 47 41 0
15 69 109 0
65 -98 -118 4 0
55 61 -43 8 0
-57 -115 -108 0
70 100 81 134 75 -60 0
13 -18 56 -130 -90 0
110 -29 81 0
80 61 98 0
-48 16 -107 -119 0
4 -96 8 40 0
20 98 0
31 25 0
-66 -129 33 -91 87 0
-59 49 -124 86 67 0
15 73 -113 0
-50 -135 -102 -39 -120 -52 0
-51 111 92 0
81 71 65 -75 -129 0
94 112 0
125 105 -73 0
-111 -61 -5 0
9 -65 -47 41 122 99 0
31 71 0
134 124 94 19 0
-30 5 -2 -74 0
8 63 20 112 0
-34 56 -100 0
-62 -86 23 130 55 0
-57 29 102 -49 131 -122 0
-34 -5 2 118 -124 67 0
111 -115 0
79 -99 46 -35 0
21 11 -93 0
-88 -15 0
98 -108 -73 130 0
16 103 31 116 51 -3 0
109 27 -35 -35 122 0
37 -90 61 2 -111 45 0
-16 -110 -25 110 -94 0
-77 -62 -125 -119 121 120 0
28 -130 16 -107 60 0
2 -53 121 0
-30 -24 -51 19 20 0
-40 24 -130 0
-7 -111 80 -56 52 -118 0
-49 -6 -96 -95 -104 0
-14 132 44 -87 0
-7 14 32 0
132 -81 -25 95 -39 0
-76 -5 0
134 -29 0
-68 5 72 121 82 0
-103 97 124 -15 0
18 -58 -44 49 -103 0
127 59 0
-70 129 44 82 -129 0
34 44 -74 96 0
-84 54 -106 -120 87 0
-106 -88 7 135 -27 0
124 -43 -130 17 -116 0
-90 -93 0
109 -120 -6 -75 130 0
-104 -25 0
74 -77 -23 117 -87 63 0
87 -93 0
45 -74 113 0
-94 67 0
59 -107 15 0
5 -74 84 0
-67 9 -84 0
-97 120 -102 12 127 0
54 28 40 -38 0
95 13 -50 -32 5 0
-85 21 0
38 -3 121 -109 0
-112 89 -125 87 0
98 -78 70 -6 -28 129 0
23 -81 34 13 12 73 0
77 101 -10 57 -124 105 0
96 28 17 -60 0
36 117 0
-19 90 37 11 -107 0
109 -53 65 0
51 -2 -127 -117 -125 0
-118 16 -108 123 126 0
-74 -83 -96 -55 0
3 55 -42 0
46 -57 76 -66 80 79 0
26 76 -94 45 -22 0
-85 44 -27 -86 127 0
-10 -90 7 9 52 -10 0
10 38 -72 -69 16 0
-17 -118 71 0
113 9 69 74 0
7 131 75 0
122 -61 83 46 -97 0
29 -68 83 0
-21 -128 -94 -97 20 0
-117 91 16 0
85 -82 115 0
-56 83 105 0
22 -26 0
111 132 56 9 0
-107 63 -53 0
56 20 9 -59 -126 67 0
-127 122 -76 0
-116 -65 74 -39 0
94 104 60 44 0
32 118 -94 -72 0
114 -99 -95 -122 0
115 -20 115 -6 0
-6 107 -129 62 -34 -27 0
57 134 77 17 0
-72 -6 -117 -9 0
68 80 -83 -51 -14 0
-15 118 0
82 99 80 37 -64 0
-63 -86 81 -12 69 0
87 123 74 -130 0
-8 26 -122 103 0
16 -48 37 0
-101 69 -89 132 0
-68 110 18 -35 91 0
32 126 0
82 -121 0
-88 107 -18 -2 0
82 -5 -88 -63 131 0
-99 126 -88 -75 0
-3 79 53 73 -29 0
-17 -89 -54 0
-117 29 48 75 0
81 68 5 75 42 133 0
99 121 -88 102 57 -120 0
102 -21 10 121 58 66 0
-71 9 57 -126 124 0
116 -36 0
128 -64 -13 -65 0
-9 -67 0
71 117 81 39 -134 0
-53 84 -8 0
42 124 0
-18 -5 -37 99 0
104 -122 -21 -35 47 0
-100 -90 58 126 6 0
-79 70 17 65 72 52 0
-33 -45 27 0
78 2 6 80 -46 0
-30 95 65 -49 0
-109 -126 -18 -28 0
86 130 60 -135 -52 0
-113 -19 -48 0
39 61 -115 -118 -116 64 0
-29 10 63 -43 -101 0
93 2 127 0
134 -110 67 52 -120 0
35 -29 -32 0
83 -119 0
-81 -50 -5 0
52 52 60 -26 -12 0
123 37 -55 24 3 0
129 1 -107 -124 17 0
-103 -39 50 0
93 64 -62 0
-8 -77 -41 -81 0
-80 -76 0
-83 106 -51 -78 133 0
100 8 130 82 0
66 88 108 109 0
78 -34 -76 -24 -47 0
-90 129 -128 -116 63 0
-73 68 0
-75 25 104 -64 0
88 8 -92 -100 -21 96 0
85 51 7 -116 0
132 -2 -8 5 0
95 -102 62 -114 38 0
-30 6 29 113 47 0
85 66 -34 0
17 -27 -63 88 0
-92 4 -54 0
-65 -54 -52 0
27 -19 -97 118 0
35 -127 -124 111 -125 32 0
-51 14 -24 -73 -70 49 0
-81 86 133 0
-76 30 -119 -58 0
67 102 -60 0
18 -51 -63 -62 -98 0
12 95 34 0
61 -2 3 0
86 -84 33 0
-68 -4 60 -62 22 0
-7 51 0
20 -109 68 65 -67 -26 0
-68 -84 0
-96 41 -92 -46 0
-63 1 107 -47 -110 0
-91 -98 -123 4 0
125 -24 -119 -56 0
135 -84 -27 89 0
-133 -30 -46 55 0
42 -7 -60 -61 -111 0
-35 70 -127 -116 0
-49 -33 98 18 0
54 -34 0
-40 -63 -114 0
13 -106 -105 -82 0
-106 -99 0
52 99 -117 -87 0
124 109 94 99 0
-47 -53 111 -46 -29 73 0
123 -54 43 88 101 -55 0
10 106 0
46 -116 0
-66 -43 0
100 96 -89 110 -28 17 0
83 116 -41 83 0
12 2 -23 0
-38 -17 -97 0
-18 -77 -50 26 0
128 -51 -125 0
84 43 69 85 0
41 -65 -45 0
63 125 -108 0
103 91 41 72 0
-109 56 -59 -94 58 0