c
c start with comments
c
p cnf 216 649
-141 -104 -64 -105 0
-101 157 14 -101 -110 0
178 84 173 92 201 210 0
162 153 -206 -64 -211 0
11 182 34 106 -100 0
-92 -35 -68 -21 66 0
199 -81 33 -96 -173 87 0
112 196 147 43 131 0
91 -35 0
-11 4 3 -157 98 178 0
-71 139 214 0
-132 149 -67 97 0
-207 -43 -65 -33 72 0
169 -211 131 -155 49 0
-64 205 -102 -214 -150 -169 0
185 27 150 119 121 87 0
-133 40 -148 0
99 -45 52 -98 0
-14 210 -61 0
-187 -113 -170 -194 0
-75 169 0
58 96 126 33 0
-215 10 -137 0
104 173 197 109 -181 0
52 141 -47 -62 0
-144 169 -57 -33 0
14 -49 -68 177 61 207 0
175 -202 -161 0
86 144 -30 -208 192 111 0
189 193 0
-191 -135 -89 0
20 -8 -190 85 95 0
103 54 109 0
9 187 0
115 99 40 25 93 0
-69 -172 -172 108 -201 84 0
-84 90 -196 -1 178 -94 0
86 -50 -153 -9 0
216 -109 29 -202 -9 0
123 119 39 0
105 129 -50 0
-100 -125 147 25 0
-71 40 12 49 0
215 116 -143 0
151 203 0
125 9 -50 170 58 0
168 -155 -170 0
89 69 -78 0
-137 39 130 -117 0
203 -29 45 0
81 213 42 0
51 -71 -137 -119 -54 0
96 24 -125 -143 0
-90 -45 94 0
61 -68 55 0
128 -169 0
-73 127 200 6 -13 -216 0
196 62 0
-79 208 -172 -203 0
184 208 0
37 189 -186 72 32 186 0
-2 -174 30 162 -8 0
70 206 -111 -159 184 0
-201 -97 -8 109 0
-86 -11 -43 -41 0
56 -40 191 45 151 -190 0
148 176 117 -177 197 0
34 -83 0
15 8 -9 -165 -73 0
121 113 0
118 126 50 -214 0
159 -36 -181 206 -103 0
-145 204 -132 0
-136 -82 -210 0
-153 40 195 204 0
-149 58 -12 -83 0
-128 131 35 0
30 -138 -76 46 -134 0
-115 -29 -64 147 0
-38 2 0
167 -98 121 0
-155 -154 188 15 0
-164 87 179 40 0
170 28 0
29 189 -113 -189 -185 0
-140 113 -65 0
82 48 118 -200 0
-85 -179 92 0
-165 162 26 -214 112 0
36 27 115 93 194 151 0
65 5 176 -15 -89 0
199 -197 0
2 -202 0
-50 -88 -21 0
-44 -57 211 0
-63 -119 110 58 124 0
118 77 -60 0
-163 126 183 144 -99 -39 0
29 167 33 0
186 34 0
-15 165 0
117 206 0
102 -176 28 -155 0
136 89 92 0
29 -70 -12 0
-165 24 -202 0
-59 -142 126 22 206 -145 0
-64 -138 0
107 -1 -127 196 0
-151 -149 -182 0
-152 99 34 -182 -180 185 0
176 214 179 -160 74 189 0
-40 209 -78 20 -195 0
-195 -150 198 -150 162 -204 0
199 28 0
156 96 -182 -142 63 114 0
-103 -140 26 188 -170 -23 0
197 -102 -176 -128 -87 203 0
69 -192 0
-41 -12 144 0
102 99 147 63 0
-107 -70 -114 -93 0
-110 129 -86 -100 -90 -136 0
-166 -89 -42 126 -169 0
-83 -191 -151 0
-40 -27 112 8 0
-37 192 90 0
98 36 -139 -85 70 0
111 -98 0
26 205 206 -98 -87 0
170 -101 125 184 36 0
-157 -57 198 -121 0
159 -159 159 -133 0
-78 159 184 -41 20 0
33 -126 0
154 -158 -46 0
-102 -159 155 0
-200 75 44 -112 0
49 -89 -168 189 0
84 -81 -125 -80 -152 96 0
88 158 0
-73 37 57 155 0
72 -172 -23 -148 0
63 -166 206 -48 0
-196 16 -190 -33 -35 -183 0
202 3 202 -77 0
-153 94 -161 0
-61 -19 -45 -66 17 0
64 162 -114 0
168 20 -12 20 207 163 0
59 -159 -205 101 0
50 -77 -146 -50 -17 0
-163 -28 29 0
-137 189 -81 0
46 126 28 158 0
-56 159 -130 0
-163 2 0
-73 14 -3 40 -173 0
189 4 0
28 89 -195 0
-13 96 23 96 66 23 0
-141 -61 89 92 196 0
-119 76 0
-165 14 101 -22 203 172 0
165 -173 -162 0
26 129 -166 -32 47 0
176 33 196 0
91 87 -52 0
122 -167 -185 -69 0
37 -117 126 0
141 -54 69 -215 -11 16 0
61 199 -106 -69 -9 0
175 -138 -203 0
204 -210 -123 0
-45 134 189 0
130 81 23 -96 0
-210 -171 0
58 25 0
148 -8 170 78 0
177 102 196 -183 0
27 196 7 55 -90 -126 0
4 -102 106 0
-75 -9 -67 69 0
123 -135 -33 150 0
12 140 28 -194 -91 0
176 199 -12 -153 44 0
120 119 0
-81 14 -50 28 -80 0
-70 -135 193 23 0
77 42 0
-40 187 -143 -59 177 0
-113 -87 148 0
-140 146 208 -129 70 0
206 -171 -93 -131 9 0
-145 123 -43 0
3 67 -106 -3 0
185 35 144 101 207 -82 0
-5 -8 -175 -150 0
21 177 141 14 0
108 124 -48 -19 -157 -2 0
-29 128 0
-64 21 42 -112 -10 -138 0
-207 112 -46 153 0
134 26 -153 -192 0
111 35 142 50 104 0
56 134 -185 195 0
-4 -53 -132 -174 189 199 0
-35 -8 -195 125 0
145 80 0
-4 215 161 -63 0
119 33 0
127 -20 116 8 0
101 74 70 11 0
115 79 -130 0
-125 177 152 0
174 -51 -5 0
-65 37 15 118 0
-23 -57 216 180 0
181 -45 -74 0
-107 37 209 0
23 -215 0
-116 162 -53 32 0
66 -151 -119 -109 -30 0
-190 -26 -66 0
-65 -201 173 72 0
100 145 -115 0
42 6 54 -111 208 -111 0
94 -47 49 0
-66 58 -76 0
-207 -3 -7 186 -97 0
-152 -58 71 0
87 -14 -175 0
-186 -113 171 172 40 0
-10 -207 159 0
84 -62 -186 -210 182 0
-24 47 63 -178 0
-150 -41 45 11 0
-162 -86 189 -172 0
183 2 -95 -114 54 0
56 -117 0
-46 -7 0
159 -90 53 0
133 35 -173 34 86 173 0
77 -90 110 -106 61 0
-26 42 0
-136 210 0
-46 -39 -84 -189 -22 0
55 142 -119 103 0
-67 114 179 0
-85 -195 90 0
-9 19 -197 -97 -153 0
-71 -105 -68 136 -209 0
-5 -21 -111 -193 -205 -216 0
-196 -51 -212 1 64 0
34 27 -109 176 103 0
56 -82 0
117 117 -55 155 -162 0
165 -85 99 -64 0
167 -213 -211 181 -57 186 0
-93 -163 -199 -104 -38 144 0
44 -85 121 0
153 -212 -164 -85 71 97 0
7 212 -175 85 -205 0
-83 -184 -216 -187 0
-106 199 182 -160 -75 0
-105 -96 -92 208 110 0
-183 -65 38 0
37 -177 84 42 0
-42 -110 181 173 -174 0
211 107 0
-111 -146 0
-92 100 -189 83 97 0
12 41 -81 150 211 -102 0
-168 -209 -16 137 -55 0
-35 -44 53 -183 209 0
-199 -50 34 0
41 133 -164 -145 0
164 -203 145 -86 0
208 23 94 200 -201 0
-105 16 0
-78 186 -160 0
3 -68 -127 -9 0
-59 174 79 48 -39 -182 0
73 43 127 70 -89 -199 0
126 122 190 63 -190 -66 0
215 17 149 149 -93 110 0
187 -169 0
-196 -149 174 -84 0
28 -139 198 46 104 -121 0
3 180 48 -98 165 -175 0
-32 -22 190 -160 -172 -119 0
-110 -116 -77 204 209 0
3 -185 0
131 -44 -116 0
166 -51 160 0
-35 60 -41 197 0
-191 50 -39 -17 43 0
178 -44 0
55 -189 173 -169 0
136 -161 43 39 0
127 62 0
-133 46 -206 27 -150 0
-114 90 196 53 -211 0
159 91 -63 0
-126 97 73 -213 -114 -53 0
-92 131 -160 186 152 0
-160 162 -98 -112 -50 0
-19 24 126 127 -117 0
-25 147 0
117 201 -81 160 -172 70 0
174 -133 -62 -196 0
-50 55 -5 93 212 152 0
214 162 0
97 -42 -70 164 -28 0
-124 121 102 0
-43 -78 0
-171 182 150 12 0
7 179 188 151 -66 0
132 -38 0
-45 19 -68 -139 -109 0
73 -155 135 -102 -172 0
-33 -151 -204 -125 0
-141 -89 59 0
-213 -31 0
-145 -165 -114 45 0
82 216 206 0
-84 109 -191 0
32 -147 -174 -20 -104 0
10 193 -36 113 132 0
-93 -200 96 40 0
-102 152 -24 201 43 0
135 10 141 0
195 192 66 -120 0
111 -204 -12 163 0
154 -143 56 -198 0
197 -29 182 0
22 136 -204 -162 -101 -69 0
119 -63 110 201 0
107 -122 212 -89 -124 200 0
-156 52 -22 0
122 -146 -57 0
94 214 -131 49 0
102 -46 -22 -91 0
-130 -60 -134 0
51 202 -10 0
-51 36 95 108 6 0
-123 -133 40 0
-5 -58 -5 0
104 -166 -186 0
28 162 0
-114 215 39 6 0
143 -65 69 118 0
198 143 -114 -99 0
-32 9 0
-205 210 56 0
102 206 144 0
-34 -116 178 -43 0
-208 -143 -57 -32 161 0
-37 86 -142 21 88 0
115 -159 -57 0
77 86 112 -92 -119 -197 0
137 -145 -214 -25 -89 0
204 100 182 0
78 -140 -183 -43 66 98 0
165 81 207 -88 0
195 -207 21 3 117 0
174 27 -26 -171 14 0
107 -192 -212 -150 24 0
-112 197 124 0
163 119 50 59 0
-106 -96 -70 0
50 198 -126 152 0
-86 145 -13 167 0
211 159 -134 -53 64 0
-133 170 78 -13 0
-145 -116 89 63 -69 0
44 -48 0
-89 92 -90 -165 0
125 -87 -194 61 -57 0
-18 197 132 151 99 0
215 117 -73 164 0
109 192 0
-166 -147 -40 117 105 -119 0
-192 -200 57 -47 101 0
-112 44 -201 7 -46 0
67 -88 6 -83 0
-91 -22 60 0
-171 -55 111 183 -209 0
-143 72 60 -165 -180 0
-55 -38 149 0
-40 -170 18 0
-171 -60 -55 -117 101 0
-9 167 -86 -183 85 136 0
163 -105 -174 0
-180 141 -42 0
6 25 0
134 -165 100 37 -82 101 0
-13 -9 76 -11 0
-214 -128 -156 116 -141 -80 0
173 -20 194 -73 0
133 179 172 0
-105 -177 -5 -71 -49 107 0
-155 -125 -89 100 69 -55 0
-8 84 -203 0
112 -187 -83 8 32 0
-172 159 94 33 -15 0
-145 -69 28 -18 -41 0
156 -209 183 88 0
120 -10 -192 0
-164 99 157 -139 0
135 -50 -3 -193 -21 0
-145 -119 -71 0
75 160 194 109 -139 0
-126 -151 -27 -191 -109 4 0
-37 160 115 -76 0
178 38 145 0
132 115 28 50 152 -71 0
-4 -117 -198 -30 146 0
56 198 -99 151 0
38 90 -101 67 0
203 138 108 38 0
-24 25 -53 -59 0
86 166 -115 144 105 0
-9 192 -31 185 0
48 101 0
25 -208 0
198 -185 129 117 -93 -199 0
134 -152 -141 57 -60 0
-75 162 206 193 -123 0
99 141 109 -128 -214 200 0
-131 19 203 125 -75 155 0
62 165 -5 101 160 -151 0
21 120 58 165 0
96 -118 -135 113 0
-138 -112 149 59 0
-97 36 -91 0
45 -212 -85 0
101 -147 -183 -4 102 78 0
83 125 112 0
175 156 131 8 54 200 0
113 -30 -149 -18 4 -199 0
-141 -92 37 -104 0
139 205 -94 18 0
169 -44 0
-197 -45 96 0
170 6 -88 0
143 116 -191 202 0
-212 153 -35 166 0
167 -60 69 73 -193 0
153 -103 43 -37 0
-94 -80 -146 122 -133 -200 0
-116 -135 -59 0
115 -49 152 111 -35 -113 0
44 151 -71 0
114 193 -136 -33 181 0
167 -206 -172 0
-50 10 70 -212 180 0
53 216 -181 0
112 65 0
46 -209 -30 115 56 0
-13 -20 -157 85 -195 63 0
211 -135 -65 157 0
9 -121 179 153 181 -161 0
129 -120 -11 -201 85 0
166 -121 139 0
159 -180 51 -192 -108 0
156 -154 0
-86 -208 0
-58 -213 -164 47 -101 -131 0
214 95 -187 34 125 0
-137 -34 -211 0
152 -65 -40 0
-73 -76 169 12 -77 0
-39 169 -188 -28 0
166 200 -174 0
131 153 -21 28 -167 0
-45 -4 -177 -31 0
174 81 192 -151 65 0
-7 -13 152 -46 -47 50 0
106 38 -183 0
-112 146 -23 -105 209 0
-37 -94 139 -213 0
-203 208 -103 25 193 0
-5 64 100 -5 46 185 0
-196 118 -45 0
-34 57 -93 -138 0
-193 182 -99 90 0
-215 -28 0
-4 12 90 -98 0
-124 -186 188 -2 0
170 -57 207 192 -48 38 0
195 -94 -179 212 89 0
-81 -65 -105 60 174 0
-113 83 132 -11 0
129 193 -100 159 0
29 76 -164 0
-156 142 46 128 0
-100 -162 -93 -61 -151 0
-13 145 76 144 -51 0
46 -134 151 -148 66 109 0
-31 99 159 149 -24 0
174 -63 0
-59 -118 -4 -33 -125 0
33 77 23 -182 -99 -213 0
188 22 0
91 111 -126 71 0
-154 73 -7 156 0
119 -41 59 0
200 -99 133 0
-177 187 185 0
133 -83 -125 -168 200 154 0
12 -25 -80 88 0
91 118 48 0
45 -101 0
-82 14 -119 -197 117 0
68 -167 -39 -214 -142 0
80 -205 -130 0
2 161 164 0
-16 216 -65 -185 -208 0
101 172 -135 12 72 0
10 164 0
-152 -135 69 0
-150 -127 59 125 209 0
-136 48 72 33 81 -39 0
185 -178 145 200 0
-52 182 -188 -183 -163 -180 0
-206 -113 -21 0
133 -21 -61 204 82 0
101 -37 -65 20 3 0
169 28 6 0
-134 -97 3 147 0
35 193 -77 0
212 83 169 -5 -63 0
-154 128 0
-132 -128 0
132 -166 0
-15 -119 154 -185 -175 0
-182 -40 -98 112 175 0
121 -195 1 0
105 103 55 0
103 -133 -15 -190 -109 141 0
178 -105 -206 -100 112 0
146 -200 0
203 -116 39 36 0
-106 -35 0
-105 48 59 -40 -38 0
-140 133 -121 -143 -68 0
57 105 0
22 179 59 -44 -182 0
170 -159 8 213 -27 -157 0
-165 -154 -173 -64 0
-32 146 182 -130 6 0
192 -11 -209 -74 0
10 180 124 6 0
14 67 0
100 159 -177 -5 129 0
-1 190 -129 -53 -131 0
126 129 -119 -32 0
-150 -216 21 -87 109 0
-123 -144 26 -82 0
-121 172 123 112 -111 0
-137 189 0
77 29 27 0
203 -111 7 -100 98 0
1 74 151 196 3 0
72 -11 151 0
-116 -22 -122 -207 0
-29 97 89 9 0
5 -115 -147 0
99 -58 209 0
-33 -182 -25 40 2 0
-50 -58 106 0
-158 -152 198 179 -193 0
136 -147 -116 -109 113 0
197 170 -63 145 0
197 94 134 207 -9 -118 0
-162 129 -41 40 0
143 152 45 -7 0
146 -43 -128 0
-35 -159 -104 -149 151 0
-14 -72 -118 0
-184 -188 0
-202 -184 -107 0
-126 -91 2 149 -207 0
24 38 -79 -6 75 0
118 48 21 -56 159 0
149 -203 175 0
-11 -196 -69 -151 0
-42 -97 59 2 0
101 82 100 86 0
-91 202 126 18 0
-173 -205 121 0
-150 -80 -216 -43 30 -111 0
-104 -10 171 0
60 216 -38 -111 0
-119 85 83 0
-153 -85 0
183 113 -168 -212 -15 0
62 -96 -89 -193 0
-204 -117 121 0
90 156 -28 -101 0
-74 -36 -130 -201 0
188 -129 -30 -54 0
-80 -49 186 0
-215 -78 -82 -62 0
-98 -105 189 0
21 38 83 185 -161 -202 0
-185 210 -113 -136 0
-206 -38 184 0
117 -155 -76 0
71 -40 -208 -68 -67 -90 0
40 -154 147 -92 0
26 100 -112 0
-45 -5 -211 -144 9 0
-154 -4 0
-109 -88 126 -125 -164 -203 0
-92 39 -157 10 0
2 -17 0
206 62 -12 0
-86 18 138 -143 -7 -41 0
-97 194 175 -101 0
-144 166 1 31 59 51 0
79 -216 -23 140 0
-117 117 102 -91 0
-142 -112 109 97 -85 170 0
-132 72 38 -29 0
-75 2 0
-211 -196 -10 -51 0
-112 -33 -94 0
-96 150 19 -119 97 -149 0
-143 191 96 70 208 0
169 -113 0
36 144 10 0
-37 109 -81 206 0
-107 -178 0
87 -200 -200 -96 0
-12 179 193 -10 -142 95 0
-97 -139 -33 -158 77 0
-130 84 -28 -45 154 0
-116 43 -181 214 -27 -118 0
16 -19 -98 70 0
141 21 121 0
-122 -186 68 97 0
103 8 -125 -71 0
-71 -199 -132 92 -24 0
-181 184 -199 -61 0
37 -37 -80 -65 0
-20 27 -143 0
199 -18 144 26 -160 0