c
c start with comments
c
p cnf 144 557
-58 -83 -72 -89 -121 0
97 -8 -1 123 0
46 50 30 98 0
112 27 73 5 0
-23 -4 -35 -111 0
66 -111 -92 -114 -29 0
3 -88 0
90 -125 125 -132 44 0
-20 96 72 91 -3 0
-135 -30 141 0
35 137 137 -33 0
120 -135 -95 -27 127 0
7 -30 57 17 0
75 29 0
81 -127 87 0
26 121 120 -73 -82 80 0
-95 86 -136 -22 -9 -35 0
11 -127 109 118 0
109 127 -33 17 0
124 73 100 0
-45 14 95 -123 -13 0
82 4 -61 56 0
47 104 102 -134 0
81 -132 98 89 -134 0
-31 -8 20 0
70 -108 1 -30 0
-74 42 -90 0
25 -116 70 -143 -118 0
-11 104 21 -138 123 -141 0
133 70 -9 0
-131 53 -110 -58 49 0
-56 141 89 98 46 0
-65 46 -104 -68 0
-75 -6 -139 -113 -50 52 0
-25 73 -138 5 0
-85 108 0
-114 115 104 104 61 0
-120 -144 28 8 0
-128 42 51 0
63 86 107 -39 0
-58 -31 -109 137 0
-113 -114 -9 142 -92 0
93 82 120 -134 93 0
31 -143 -105 -59 0
120 -54 0
4 -142 142 0
136 81 76 52 19 0
112 -69 0
21 128 -107 -86 0
122 61 140 5 125 0
-26 9 -90 0
-59 -130 -53 -96 86 -31 0
-105 29 -67 65 0
21 90 -25 -18 0
98 -144 21 -27 19 -85 0
18 40 -111 98 -132 -63 0
97 -110 0
-108 -25 -76 -17 -20 0
-68 -58 16 0
3 47 131 -51 0
-116 20 79 -13 48 0
127 -14 35 130 -121 0
117 118 0
5 -60 16 -91 0
-137 -63 85 -131 17 0
-119 -2 -76 120 120 0
-143 -27 52 -122 -123 0
-93 20 38 72 0
-11 -20 -122 -51 0
-59 -110 122 0
3 -60 68 -21 -40 0
115 -18 -55 -107 0
95 -21 4 -140 76 0
-69 -58 -31 63 0
-61 87 -63 -40 0
-90 90 -10 34 -81 0
-71 3 -3 -69 0
-85 49 60 127 -75 0
103 51 -118 42 -50 0
-64 -140 22 -41 106 0
-87 64 -48 85 -63 0
78 -29 -26 -86 0
-132 16 -138 0
86 12 -102 92 -140 0
-127 -81 48 113 0
53 -54 65 120 42 25 0
-101 -102 -62 125 0
-125 -81 32 127 89 0
-105 139 38 -9 -77 0
133 129 83 0
-26 -27 38 75 0
-71 -44 -79 23 21 0
24 -68 0
-95 -16 23 -136 62 110 0
-127 -67 136 -118 110 0
2 -143 0
58 -25 -85 -74 -123 0
-64 -111 5 -80 141 0
-70 114 103 -100 117 0
-113 106 53 69 0
-97 -139 109 -96 0
76 -11 -78 -89 75 0
141 -111 -39 0
25 135 0
108 -110 -107 -53 0
-28 91 0
-77 129 -105 -10 0
84 -130 113 141 6 0
58 91 0
79 107 0
99 -121 -70 -108 0
79 -99 -135 0
91 -88 0
-115 90 67 -7 101 0
135 4 34 46 0
61 126 -64 -44 0
-87 33 -64 -12 0
-83 -123 0
-9 -75 -22 116 -52 80 0
64 91 105 0
-95 -105 -136 -78 119 0
-110 -22 -79 -67 118 -121 0
-129 -85 27 -54 -19 -18 0
49 -141 -125 128 112 0
-30 57 -122 8 0
-50 -125 -63 -35 0
46 -120 13 106 59 82 0
-56 -4 0
87 40 127 0
143 78 75 63 0
-114 -9 87 0
-87 -114 -48 0
96 -60 -44 -60 0
-63 57 0
29 81 -90 44 101 0
29 54 0
-53 -109 -34 10 0
23 -37 -92 57 0
59 80 141 -133 0
-144 52 -71 -122 4 0
-36 -109 115 0
135 -2 79 0
-1 78 -48 -79 0
-70 116 115 0
120 106 45 -20 0
-31 -8 -2 -100 0
-115 -58 0
-133 -44 23 75 0
86 80 0
116 118 99 -64 68 0
71 -111 -120 24 0
117 -119 55 137 -88 0
-57 -35 108 -82 0
-72 105 -76 95 0
94 69 36 -47 101 0
122 -144 52 -25 43 0
-2 -45 24 77 0
107 10 -54 0
115 53 -77 0
-64 -20 72 -24 0
-8 -42 -28 -105 -124 0
83 -61 14 -13 0
-126 121 -60 0
-117 -125 54 48 105 0
50 27 -4 0
23 51 141 0
-47 -17 114 0
116 51 0
-51 -14 -138 52 -71 0
130 -125 89 -24 -142 0
105 77 0
-64 52 -137 -141 -48 -91 0
8 46 -57 -60 -122 0
-144 19 -53 -109 0
-42 -20 20 0
-113 -77 33 0
99 -122 -78 21 0
-69 35 -22 0
-99 -64 125 70 -1 0
-69 73 0
10 104 116 -27 20 -120 0
26 -82 -28 6 19 87 0
-90 3 63 87 0
88 -117 74 0
-2 106 107 114 120 0
23 50 90 0
70 -87 -25 87 33 2 0
-117 -57 -29 -105 0
111 -68 -6 -87 0
47 66 -29 -103 -2 0
-86 112 27 104 -99 70 0
-126 24 0
-17 144 0
135 111 76 -96 0
-25 -83 0
106 -71 0
143 -54 114 -97 0
-70 -50 60 -22 -66 0
60 129 -3 0
19 109 -28 -103 -120 0
-2 70 0
68 -107 -49 110 0
88 -127 102 -132 -31 84 0
77 110 93 -33 -81 0
-143 16 0
112 -119 42 141 79 0
123 -22 -144 124 0
-104 82 0
14 95 133 114 0
-83 -32 122 -49 -126 41 0
-100 3 -11 25 0
-92 -51 -108 0
59 34 144 22 0
-101 -60 -93 -59 119 0
-10 -9 141 -111 125 116 0
-53 -79 0
-30 40 -10 102 136 0
65 87 0
31 77 -63 0
-125 -55 -52 135 0
-99 -32 -38 0
-104 112 141 96 -24 114 0
-124 -30 11 0
-80 -32 96 82 -100 0
29 39 60 0
76 -87 -6 0
52 -126 44 -103 89 0
-12 69 82 0
130 90 40 0
69 94 -58 71 0
-43 34 17 65 0
-53 27 21 6 -56 0
35 -102 2 73 0
72 90 35 -114 10 -135 0
-5 86 141 16 0
73 -106 78 140 -144 0
66 49 55 -99 82 0
23 32 -47 92 0
7 -40 0
-67 142 -115 0
-140 2 -48 0
-8 92 -46 -131 15 0
100 6 -137 53 -124 0
-31 44 0
-15 103 -9 0
74 11 -31 -66 0
142 -58 -77 -48 0
134 -16 142 79 2 0
83 -121 0
-86 -89 -27 17 40 0
-136 44 -80 0
-22 135 63 -24 16 21 0
-54 -43 27 35 -63 0
-67 -135 -135 104 -131 40 0
-141 5 -144 0
-102 20 -7 -98 0
15 68 28 -102 -142 0
45 53 0
105 41 -44 0
127 57 -81 128 0
-50 33 0
84 138 112 0
16 -35 -42 -71 -122 0
-139 22 -85 -65 0
-48 -70 -42 0
33 -28 10 -81 139 20 0
74 -137 -16 -128 -71 0
-49 59 86 -129 -141 0
81 -71 125 0
-139 -58 50 1 52 0
127 66 0
137 -12 0
16 -112 66 135 0
-53 -102 40 0
11 3 -19 0
-57 -8 -143 -76 0
67 -142 62 46 108 0
6 133 41 49 0
119 43 128 -79 0
72 -5 57 38 0
-90 -13 136 -22 51 -24 0
-5 130 -74 74 0
-45 -82 -48 36 -102 0
8 -8 -51 84 -4 130 0
-81 -18 -43 -133 113 0
-98 76 39 -53 38 0
-38 61 -55 117 35 42 0
-66 -21 -105 -32 -9 0
96 -57 0
144 138 63 0
37 71 142 -65 -128 0
-31 4 90 0
84 -131 4 0
63 -94 -30 -117 0
-13 54 -84 96 -40 113 0
-6 140 -88 137 97 -70 0
-64 87 0
-52 -34 -64 -27 -111 0
-48 -135 112 84 0
117 28 -52 0
42 8 -8 -34 -58 85 0
-69 -2 15 11 0
139 -77 83 -3 -13 75 0
139 -44 -40 94 -112 0
-131 8 13 0
14 -24 0
93 27 48 78 0
120 117 0
139 2 0
-17 -140 -65 59 0
74 -52 144 0
-139 97 -110 103 0
60 -46 -86 0
61 -39 105 19 -57 0
-64 62 -135 114 140 0
57 55 -68 -105 0
-144 -8 0
45 5 142 0
-116 20 132 0
-46 -81 29 -125 0
54 114 91 0
-22 -117 -52 0
-61 -34 -87 128 126 89 0
84 135 63 103 -103 0
-140 -38 -6 -139 0
110 -80 61 -121 0
-118 134 -58 -3 0
55 -133 86 0
-89 -19 0
-11 18 63 59 10 90 0
-122 -3 13 92 -58 0
-92 -23 0
31 8 9 -105 -142 0
24 -84 29 -104 -53 0
106 -64 0
-128 -132 114 54 0
-49 -124 -95 0
-2 97 -6 34 -140 0
-70 -64 -39 -29 0
25 -10 -108 116 -87 0
-27 114 -118 127 -11 133 0
63 12 23 0
107 -43 20 51 -51 0
127 23 -5 64 101 0
123 -15 63 48 0
-65 -35 -120 -50 -66 0
-123 20 52 16 -84 -123 0
32 -126 -127 35 0
55 11 -3 -61 0
106 -23 100 -108 0
13 65 -6 0
-122 -61 35 -24 -85 -31 0
-37 102 51 0
-131 -103 35 21 0
6 -47 81 52 0
-116 19 -82 -39 0
85 -76 -68 -96 31 0
-48 -81 -143 128 42 0
-141 -2 -136 18 0
128 -16 -56 81 0
-83 -92 -103 67 -53 0
-74 47 -101 0
20 47 -76 -39 19 0
43 -21 -51 -53 137 132 0
35 -100 -59 23 0
-93 -56 3 -23 62 130 0
-59 -99 -34 -139 -26 140 0
-9 112 77 -75 31 67 0
119 -36 -98 22 -35 0
-6 141 39 42 -69 0
-88 73 108 -34 0
113 25 0
124 -111 4 60 0
56 11 -104 0
-125 18 0
20 -89 71 -105 0
-125 34 -131 -7 0
-143 115 97 0
38 -122 22 56 -7 0
67 129 78 117 0
13 -32 53 -32 0
-100 85 -100 -127 127 0
-69 -111 0
16 -136 0
113 1 123 -45 77 0
52 -73 33 0
118 -62 16 73 0
-82 1 -41 106 0
103 -33 -56 -81 140 0
49 140 0
137 39 -83 0
-2 -52 -110 -49 20 0
-28 99 0
48 -38 20 -140 -115 0
65 111 -25 0
93 138 -57 -64 -76 0
-71 45 79 -30 8 -84 0
-80 -23 0
138 -6 0
-97 112 47 16 0
28 -69 65 134 0
-34 140 52 0
126 118 -26 0
89 141 131 -102 36 -29 0
34 -59 0
-101 -125 18 19 -14 0
130 -3 -110 107 76 0
-81 133 23 -102 119 0
136 -86 51 0
-40 105 -44 -118 106 0
77 -62 57 114 56 0
-133 -46 -24 0
113 -76 71 127 -101 0
-95 -10 -47 -95 -134 0
128 106 -139 -59 107 132 0
-48 29 -86 0
53 -65 -85 123 -101 0
16 53 56 127 133 0
88 41 0
76 137 108 -63 0
104 131 99 31 123 11 0
-55 -2 -92 -29 0
6 -142 136 29 -43 0
-60 -71 34 0
10 -137 20 0
-137 131 46 51 0
-121 -46 -95 109 -54 0
-87 55 -133 132 0
-6 -11 56 88 0
85 -21 73 0
119 -51 -33 -36 0
-98 56 15 77 0
119 -50 -14 -7 0
78 -82 59 -53 -50 -110 0
63 -107 -84 81 -48 -45 0
87 -91 80 -47 -120 0
-40 -102 137 134 75 0
18 139 0
59 -31 -109 74 -15 -120 0
-125 20 84 -77 66 0
83 -24 -48 -60 142 0
110 120 33 94 -70 54 0
-138 -142 35 59 0
-137 84 66 0
17 -30 82 -102 0
-29 -12 -133 -137 0
143 127 -74 0
80 53 0
-73 -74 0
-142 46 -5 14 0
-65 112 4 46 0
-56 50 -128 96 -51 -54 0
-132 30 21 91 0
-6 124 0
-90 91 120 72 0
130 -72 59 -66 -121 -63 0
-123 73 116 27 -10 -20 0
-34 -140 0
74 44 53 0
36 -142 46 77 -13 0
-37 61 -134 0
-108 129 4 0
52 -131 -137 -121 0
128 96 0
-117 -99 0
-117 33 135 -99 -40 7 0
137 143 -141 -22 0
-50 5 -136 8 131 -21 0
140 -65 -106 60 0
-81 92 10 0
-96 -91 10 0
91 -11 -74 -99 -17 -85 0
-44 137 -110 98 110 0
-38 -8 0
-9 100 -80 -75 0
37 -119 -35 0
-18 -42 86 0
-128 13 -33 0
48 113 -137 -15 0
62 -123 -25 -68 0
-4 43 -47 33 0
28 41 88 -123 144 0
-18 -33 36 0
93 -51 -43 -25 0
-62 -79 14 -38 54 0
-139 16 82 -63 0
80 -140 0
16 123 123 -48 33 0
-109 87 -55 130 27 144 0
131 -39 -15 0
-110 61 -7 0
-25 -10 -41 0
-22 84 13 50 79 0
50 6 0
108 -9 -96 88 47 131 0
88 -117 33 105 0
124 100 92 0
-121 76 -75 100 -47 0
87 8 -92 0
-133 28 2 -132 0
16 -100 0
-19 66 99 0
97 -108 -39 -72 117 107 0
-84 62 -41 -108 -67 -14 0
-119 -39 -87 67 0
16 -39 26 0
32 83 -111 0
65 26 63 0
75 120 15 0
-102 76 118 20 -12 0
-55 83 0
74 72 -69 0
82 120 10 -65 0
-23 -39 -142 -91 24 0
-2 56 98 -108 0
-118 115 141 -28 0
-84 28 120 127 -142 -27 0
-73 130 -129 -90 88 0
142 38 41 -89 -25 0
67 9 98 -43 0
-95 88 0
60 -126 71 -31 -89 0
129 -54 -24 44 8 0
69 96 -132 12 51 -51 0
42 88 -136 98 -39 0
-136 -91 -55 -118 18 0
-104 -64 40 105 112 0
90 72 12 55 0
72 -4 0
-33 111 97 83 -11 0
-127 -78 12 117 82 0
87 4 -94 10 0
104 132 0
-62 112 76 143 0
-24 105 -28 -143 0
136 -115 50 63 20 0
-6 56 129 0
-82 31 9 0
-139 -54 -97 -29 0
-4 73 0
5 81 -5 0
81 133 32 0
34 92 -42 62 0
-37 -29 -133 74 0
-68 46 -19 83 -20 0
3 60 0
-38 16 -34 72 26 0
-87 -121 0
24 42 88 0
136 29 0
74 -5 116 0
37 128 -21 -78 -46 0
-98 -62 75 0
-121 115 0
68 29 -97 0
-120 128 -113 142 -139 0
-77 29 -132 -81 66 0