c
c start with comments
c
p cnf 454 486
-292 -368 394 0
413 270 -323 109 -31 0
414 -16 -151 276 255 0
-183 -163 -342 241 393 -322 0
-353 -165 248 0
-46 -334 -20 -42 75 0
302 278 -152 387 -234 0
-234 267 0
-135 -201 26 0
-271 -350 379 106 -210 53 0
-160 15 169 0
140 -390 -66 176 73 140 0
-260 192 0
124 209 368 0
330 229 0
28 -315 0
-286 377 119 298 -403 -187 0
-177 -119 -73 247 0
373 -14 365 426 -202 -351 0
295 315 178 -282 0
-24 -401 69 0
359 -265 121 -190 -320 388 0
-154 -330 178 16 -380 -43 0
111 -105 -401 0
357 53 47 0
92 143 393 331 0
-7 -205 -235 -396 0
-135 332 278 0
239 87 236 -342 -125 111 0
-264 155 19 0
220 -395 83 345 0
201 -331 290 -42 137 0
-311 -120 344 271 156 0
-386 151 212 0
40 -179 -151 -217 408 -444 0
-420 -403 287 221 50 0
-280 -42 317 131 0
219 140 151 -40 130 -49 0
201 89 383 421 224 0
-83 125 0
-138 -112 160 0
-154 -155 282 0
-294 -241 -294 -335 -352 0
320 -115 0
-367 371 -215 -142 0
-376 394 -285 -261 0
446 -340 -326 238 0
-296 174 0
145 120 -87 0
-49 380 -394 -26 0
-58 62 -441 0
-105 65 -354 0
-346 379 195 -284 0
346 -331 212 0
351 -293 -65 -371 -196 0
-31 -135 186 -237 -273 278 0
-410 159 269 0
105 -395 0
378 -273 -263 0
243 -396 418 74 -106 0
-99 -145 0
-71 -205 303 -144 218 366 0
425 -120 129 130 0
-402 168 0
28 108 0
336 446 -180 -263 -132 0
151 184 323 0
-350 -115 4 0
-161 -239 -181 0
7 -337 118 117 -61 -298 0
163 -372 -244 -274 0
35 -3 0
-16 -175 180 151 -129 37 0
61 7 432 443 444 0
-155 -380 -247 -351 0
301 312 -329 0
-410 225 -319 312 196 0
-198 448 316 -429 -200 -130 0
123 -435 168 213 264 0
-329 -222 110 241 0
113 -264 0
-138 -29 -313 0
397 -334 298 -453 -134 37 0
119 197 -278 -391 -412 0
-218 414 -185 0
284 160 348 284 -394 0
-337 -361 65 125 0
124 -85 -39 -115 -210 0
71 148 82 0
-79 112 -442 451 -454 0
-379 235 0
-429 126 28 -412 0
409 52 0
-273 -334 389 -293 -365 0
-238 116 377 0
-207 31 71 0
30 138 14 0
-320 -112 -33 -365 438 0
-226 -248 166 0
-185 -243 -285 -246 0
401 320 454 -15 325 0
-383 294 265 -110 0
171 387 70 -27 -261 0
131 96 209 216 136 0
33 -238 0
-164 -259 -210 -214 0
-166 -112 62 0
115 365 367 150 0
-136 361 153 0
306 -317 277 -58 334 0
-134 -199 0
-292 -344 -284 343 77 0
-407 -354 34 -203 -44 272 0
382 314 198 -320 0
-397 -263 0
50 -425 -263 159 0
337 68 -85 442 13 0
63 22 132 110 72 369 0
204 185 -119 0
-108 30 254 -281 -398 0
-394 -296 -84 0
-179 234 353 176 339 0
75 167 -141 0
-394 210 0
10 -77 -63 216 0
-307 -290 425 322 0
-203 -455 225 -423 -45 0
-253 -341 248 -289 0
-294 188 406 -314 -456 0
-342 -15 -282 453 271 369 0
365 198 57 -66 164 0
-2 74 362 -52 234 -445 0
-269 -165 -185 -309 0
-120 124 -443 57 -386 0
260 -30 252 0
-399 280 -127 -105 90 371 0
-151 185 227 0
-112 226 -389 -268 0
-178 -284 0
312 210 -247 417 -225 154 0
-394 346 -353 0
-94 63 80 193 0
365 88 169 269 0
3 47 -20 -2 0
-300 -302 234 399 0
207 -408 -365 -294 -370 339 0
-30 -208 -244 0
426 236 -165 294 -419 94 0
-407 181 0
453 -409 -284 442 0
286 -379 245 11 0
-99 191 -314 261 0
-336 324 -250 -114 148 0
292 323 0
183 -343 62 -94 0
63 -205 89 -367 0
146 63 -227 35 0
277 -265 -396 0
103 66 281 -417 -246 0
-140 -414 -38 45 -256 0
-266 -121 374 0
-43 344 -176 -64 -122 0
-69 -362 0
-263 -456 35 -113 0
263 10 30 -446 0
162 143 379 -271 -22 -337 0
200 309 0
-356 -167 264 -268 0
-102 -297 252 249 0
252 -374 143 128 141 0
-345 -61 350 184 0
340 267 78 -38 -69 -160 0
-91 237 285 -315 0
187 -155 223 -14 0
396 440 -158 219 -255 0
-396 -151 -455 -428 0
-375 238 1 0
32 -85 342 432 0
134 -425 35 0
-63 -239 6 0
-265 -31 328 -352 0
404 147 435 381 345 0
233 -346 324 -372 -34 0
-242 -305 263 -264 -39 0
-259 110 -131 -239 -183 0
250 -312 0
209 -329 0
-55 -12 0
-9 315 95 404 -183 0
392 139 -100 -269 0
447 36 -194 0
-127 431 152 42 0
-344 -272 435 -189 338 -447 0
383 -279 201 0
-22 20 21 0
-90 310 0
-52 -447 246 67 -41 0
-137 -353 0
286 82 -107 0
-298 -402 -16 -86 -158 0
-382 308 -76 45 141 0
105 -365 -55 -143 -140 0
-60 35 -350 -263 -174 -284 0
-346 -198 0
5 -194 347 15 331 0
146 -398 398 0
-172 -263 286 0
216 -30 -408 0
-270 253 453 -167 418 0
-86 -129 -116 112 0
200 266 144 0
-363 30 0
403 83 -383 73 -178 240 0
-136 -346 -19 -167 0
-293 171 221 -211 0
-319 355 9 397 -306 -268 0
157 -401 -189 32 0
150 103 -105 377 -16 0
125 -434 -235 -70 0
-269 -289 -413 205 -97 0
456 280 66 -244 0
-192 396 -100 375 -207 0
56 -295 0
356 319 370 -452 -21 -180 0
-228 -221 210 0
425 13 0
-307 111 203 363 0
-399 406 0
-21 146 -289 -173 0
174 -326 -453 -35 -23 -227 0
-331 83 354 0
-108 373 -56 13 0
-366 382 -98 0
151 240 -416 -110 0
201 -337 0
455 -248 -411 338 0
409 -253 -203 0
399 435 -271 0
364 -174 -85 0
-61 34 -79 -48 77 0
289 321 202 -34 -285 0
-39 -95 54 0
295 -356 178 297 226 0
-25 456 -299 0
329 219 -222 0
-39 -351 -430 -29 0
-377 -61 415 0
266 373 -21 0
-374 -48 442 75 -26 393 0
105 31 -93 0
-186 403 372 408 0
-268 417 -144 0
278 328 306 388 -445 417 0
139 169 97 0
180 -95 179 -274 0
-375 -310 131 0
-360 350 -31 -437 -333 0
-414 -445 -335 0
230 153 340 -95 -281 0
-27 303 293 15 273 0
-162 -210 0
-268 70 -195 -138 419 0
-149 335 0
151 156 -398 46 -292 0
280 69 -60 -203 0
121 -269 9 -121 -434 0
-134 423 429 0
453 -233 284 -147 131 0
151 -301 -263 0
-374 -149 266 0
-254 -200 -107 0
266 -43 -313 221 438 0
127 -314 -430 0
436 -385 -226 -14 0
354 48 16 0
383 89 -267 36 -370 372 0
-400 -270 297 33 20 370 0
-413 -224 -439 127 -319 0
-300 11 0
137 -182 131 -335 0
390 -263 293 0
-40 267 -347 387 -222 0
-184 158 -182 -210 0
-125 272 -86 -200 -441 0
-420 30 388 35 241 0
-3 -77 0
189 -288 -169 0
299 -292 105 0
97 -133 -222 345 -241 0
-445 4 -446 112 -2 0
-362 2 -255 40 417 0
-161 48 -373 -408 435 0
-172 -110 98 0
337 137 -362 -241 -196 -250 0
-149 37 121 -200 -277 0
-243 73 138 177 0
378 -40 104 -127 -225 0
-101 172 -123 398 369 154 0
350 -126 -145 212 89 -348 0
277 33 221 290 0
-451 79 -320 0
-73 428 120 197 0
51 10 -335 0
-91 -54 404 423 0
-410 169 -84 0
125 287 -387 28 -50 257 0
-315 -114 0
362 -361 250 0
-119 209 103 178 421 0
250 71 370 278 -419 0
-369 235 36 -312 361 -83 0
336 196 -192 -121 0
93 289 -155 -209 208 0
-385 -366 116 0
279 -271 -35 0
-360 148 -384 0
-417 257 231 0
-429 -408 0
90 140 -328 278 0
419 15 -276 -251 0
209 -455 -96 -143 -120 0
129 -50 -205 132 0
122 192 -214 398 436 0
438 430 0
-167 -296 170 212 -331 0
-231 -148 348 304 -33 0
-444 -66 0
-40 -176 -81 0
127 -109 0
-117 -349 0
-372 27 -44 238 -272 212 0
227 -384 -151 -436 93 2 0
422 -288 -80 -13 0
77 -16 -202 73 -435 0
312 209 0
332 -361 180 0
-342 -19 181 -196 341 0
-215 315 424 0
326 -406 179 0
-370 89 -32 398 289 0
-160 422 -276 -188 0
171 81 279 -279 0
-282 -320 361 169 -12 0
-432 233 380 0
-276 213 272 -137 205 -350 0
166 -42 -61 0
-317 303 195 0
-166 308 171 96 377 0
-362 -38 -280 294 -11 95 0
241 -183 342 0
55 -39 -361 451 0
125 112 79 -243 -139 0
255 -68 318 0
65 -366 0
-205 -336 180 211 0
-204 -270 -291 62 441 183 0
211 -434 0
-270 -238 -379 -382 0
245 -402 -328 -324 222 0
-434 -223 -322 151 282 0
-142 -198 -349 0
431 -64 241 0
372 -356 284 0
290 259 351 0
-323 453 344 -297 0
-341 -255 -177 0
182 328 306 0
-20 417 313 0
128 244 0
-348 -204 0
-148 -35 -159 -258 0
-401 436 0
-266 351 12 92 -91 156 0
-4 -79 -180 261 426 0
-35 -69 -389 -257 -250 0
-8 -398 246 -161 -406 0
-171 -341 -310 -209 390 -87 0
185 241 119 -393 0
-18 87 415 -25 -196 452 0
170 -140 -323 -166 -432 0
-386 103 -233 -181 0
373 -283 89 -379 -136 0
-450 181 0
-228 -388 -149 0
-343 272 -304 207 0
-355 329 453 0
-186 -365 -306 366 -96 0
-367 -420 -316 0
47 -57 273 317 -453 -428 0
283 222 51 -353 0
-103 38 -440 90 0
307 -236 448 -110 288 0
-224 454 -189 449 0
351 362 -57 0
378 427 -93 -12 358 0
208 310 352 0
242 235 -142 0
430 -43 -234 256 -370 0
-182 -371 0
-216 408 -138 0
449 224 0
339 -259 261 -7 0
207 -189 184 0
-434 71 362 -354 0
158 71 351 -408 0
258 264 -415 134 0
-294 -3 -334 0
88 -288 -360 450 217 121 0
381 413 -16 352 -246 0
-8 330 37 -11 0
-27 -121 -191 -417 0
-327 -189 395 0
-337 32 -214 429 401 -3 0
25 -377 -77 142 94 353 0
-214 427 180 0
209 -25 300 0
97 -227 235 139 441 0
416 313 -38 0
-388 -57 0
-63 -155 252 0
41 11 218 -372 -425 0
189 237 198 0
-347 -356 -112 0
302 -314 353 -16 345 0
-201 -207 257 0
-439 -395 259 -428 0
262 116 0
426 2 -180 0
257 214 403 266 0
371 -421 -240 354 206 0
-220 -348 325 334 -16 0
399 226 -331 -425 -366 0
-281 31 -176 0
183 115 0
297 220 -365 0
12 -19 438 155 0
395 354 199 44 -16 184 0
122 -140 -41 0
-361 352 -329 0
203 129 -73 0
336 -338 0
173 338 -283 -277 0
265 182 -429 0
-61 4 -51 -404 -117 0
-187 403 0
193 -306 38 173 -149 -234 0
106 -54 -75 0
-30 -347 86 405 -72 0
296 -443 -123 341 -50 0
126 232 11 131 0
-184 194 -409 -48 -35 0
-126 175 -162 173 0
81 443 -383 -89 71 311 0
-86 -278 296 -120 421 377 0
-276 -424 -206 41 0
427 -78 -433 440 0
-145 -451 348 241 0
-27 -234 -268 0
303 245 0
30 14 202 0
134 236 112 0
92 -293 356 -314 -68 -262 0
357 443 -220 0
322 27 124 0
416 -451 449 238 -187 0
-374 -66 -213 -93 -385 -198 0
4 -226 284 -285 446 0
449 -287 0
-313 -235 -175 -17 -401 116 0
72 -52 -389 0
419 188 -10 -318 0
306 69 -255 0
379 -403 -50 -268 0
122 315 236 -289 -347 -22 0
-264 -234 0
-228 -316 189 -390 0
-211 -26 -170 223 -430 -215 0
-330 442 7 451 0
-12 -314 -279 448 210 194 0
34 -21 -370 0
-297 111 396 452 353 0
454 -116 98 0
-326 32 0
-123 -38 -312 363 0
190 -391 220 -284 0
-279 -68 -430 -438 84 -255 0