c
c start with comments
c
p cnf 104 557
59 -23 96 -10 -14 0
59 -45 65 42 0
-36 87 56 -55 60 0
69 62 -66 -42 77 0
96 36 0
-42 -12 0
54 51 -21 0
-65 -5 22 82 0
-33 -31 -43 0
6 23 0
-27 38 -7 0
-47 -39 21 15 38 0
31 -18 -57 0
73 -74 99 0
-80 98 -19 -26 88 0
43 -30 27 71 -23 0
67 -68 -17 4 0
2 83 60 90 78 0
-72 -88 -47 103 0
55 -93 57 0
25 -59 20 -55 0
13 15 0
63 56 4 0
-67 -80 -13 0
-63 3 -8 86 0
-44 83 18 -82 0
-15 18 0
43 55 -10 78 -87 0
14 66 47 -73 0
14 92 -3 19 98 30 0
17 72 -25 0
89 -52 -71 45 -20 0
48 50 0
36 -24 -1 86 -64 -102 0
-20 -50 -73 88 -32 0
85 -11 -33 0
-15 -95 -38 77 -29 0
-71 82 0
87 -9 -79 53 -59 0
-87 -47 58 0
33 -101 0
92 -55 78 0
74 -24 -2 48 65 -92 0
13 25 0
44 -22 0
42 31 45 30 0
78 20 73 86 30 0
-2 -100 -60 -74 -61 -34 0
-84 -39 -61 10 0
-44 51 -45 -92 -5 -47 0
-80 34 -27 70 0
53 71 -70 52 0
-73 -6 -39 -42 -73 0
-69 89 34 0
56 35 92 86 7 0
-71 -45 77 -91 31 29 0
-64 4 37 0
-72 97 -4 87 3 0
59 27 -30 53 0
-25 90 0
51 50 -85 -82 0
5 93 14 0
79 84 29 0
-63 22 -74 -51 -41 -27 0
40 12 90 86 34 0
-36 -73 -10 0
-41 -60 58 0
-49 11 -89 62 65 14 0
-100 -99 0
-22 33 -18 90 56 0
-99 -12 57 0
-9 56 -93 -51 0
79 3 -52 0
96 -89 72 0
-19 -76 81 -11 64 0
74 -35 -70 2 -41 99 0
9 -44 -40 70 0
31 -1 5 26 0
-12 101 -99 0
47 -90 -37 52 -20 -83 0
-38 -97 -19 -62 0
-6 -69 29 -87 -38 0
21 -56 -8 -47 73 0
60 -6 -8 -14 35 0
16 -27 0
-43 96 -96 70 -87 0
-70 83 60 -97 0
16 -6 -100 -13 104 0
18 39 -38 -83 0
102 -71 79 -19 0
-71 -103 83 26 67 0
-47 44 0
51 -74 -16 21 0
-77 51 67 -34 0
-33 -4 24 -91 76 0
-26 36 -19 0
-77 45 40 -39 0
4 -81 -97 -92 -30 4 0
-54 9 44 -96 85 0
72 94 -69 0
34 -25 53 64 56 82 0
81 -46 51 83 0
22 96 -18 13 87 -65 0
92 -62 73 0
57 -42 21 36 36 0
2 4 47 -94 0
-17 85 67 50 -88 -30 0
96 59 13 -39 -38 73 0
36 -14 10 50 0
56 -36 88 35 35 0
-92 -28 -21 -88 78 58 0
89 -57 102 -83 100 0
-42 8 0
-25 88 21 44 103 46 0
52 16 30 0
80 59 -69 37 -73 91 0
15 54 -12 0
-49 103 -79 -67 46 0
49 -30 -44 -13 73 3 0
-68 50 -41 40 0
-88 -38 -92 0
99 -27 5 0
-20 -9 -25 0
76 -87 0
33 58 63 -45 -90 0
-34 9 94 -70 21 0
32 47 25 52 -38 0
-90 100 0
76 93 4 19 0
23 16 -79 -26 -76 0
-3 59 82 -63 17 -63 0
17 -92 -25 11 2 0
-65 73 45 -76 0
-27 -48 49 14 21 0
-54 40 -28 0
-73 53 12 0
2 80 -45 -72 -91 -72 0
-66 4 69 -81 -32 0
85 9 69 -21 -27 0
6 2 -24 0
86 5 -8 0
-62 -90 52 -26 -57 0
-88 66 -78 -41 -22 0
-35 21 -77 -11 28 0
24 50 83 76 0
72 75 25 0
53 -44 85 27 -7 71 0
78 -56 38 0
-10 -21 14 9 -12 0
50 -23 101 25 0
-10 -57 0
4 -64 -90 -8 -39 0
-29 -74 67 79 0
29 -27 22 0
-64 83 -48 -43 0
57 100 -64 23 -70 0
-38 24 -28 0
-98 34 -36 101 0
-81 -41 78 72 85 -4 0
-89 -58 -75 -65 9 0
-11 24 -101 86 49 0
92 -72 0
-89 60 20 -65 0
103 100 12 0
17 54 0
-55 -30 0
-50 58 -56 53 -61 0
-30 -73 65 96 0
-17 5 25 0
63 -62 -23 -97 -10 0
-88 -90 -2 0
-76 89 -68 85 0
38 -49 -47 76 52 0
38 90 -65 0
-8 11 0
-92 101 1 47 -81 0
-44 65 93 68 99 0
73 -18 70 81 -93 0
-70 -85 -24 0
15 -11 -7 -100 86 0
8 26 0
60 97 -45 -70 -59 -33 0
104 -78 82 -45 -3 -51 0
-70 -41 95 0
-62 74 0
-33 74 -35 102 -104 0
-25 -69 -91 -87 9 0
60 -86 0
2 22 -47 80 0
16 5 41 88 -98 0
86 81 -29 97 45 0
-97 -15 40 -47 0
-1 -27 -57 0
2 68 31 14 -56 -66 0
22 -76 0
-39 -17 24 0
-56 1 -98 -19 -17 0
-73 -12 0
92 -91 -32 -57 0
2 -88 -77 -39 -39 79 0
-93 -41 67 98 0
-30 28 34 0
-75 -59 -42 94 -78 21 0
-40 -24 3 0
-66 -4 77 0
-99 -49 34 -12 61 -27 0
44 -35 18 -79 -3 0
72 -5 0
-9 -29 -53 -11 66 0
8 -16 -103 -73 61 0
27 -11 -98 -41 0
20 87 70 104 0
70 -11 54 -80 82 0
-51 -34 -58 -77 0
-27 50 -102 38 0
65 -46 -100 0
50 -53 -82 0
82 35 97 75 -70 -17 0
-22 -19 39 0
-87 -32 -33 56 40 13 0
84 48 -44 69 -80 0
100 -49 -59 -53 24 0
11 -37 18 0
-53 -90 -45 -86 -56 51 0
-57 -43 0
56 8 -10 -96 -18 63 0
-100 8 56 31 15 0
31 -92 64 6 98 -96 0
-32 -63 -65 -82 -58 0
-77 32 4 0
66 -80 -87 6 98 0
32 -43 -36 30 81 -33 0
52 50 0
-55 24 19 0
-16 61 -20 28 0
39 65 51 43 30 0
99 -66 0
94 -30 -77 -59 -20 51 0
87 96 98 0
-77 -75 -11 3 0
-94 93 -41 0
50 -48 -43 0
15 -73 33 25 0
-86 35 20 -71 -83 0
16 12 52 -11 0
-89 30 3 -32 0
-97 -14 -54 68 -72 0
-2 -21 -67 17 0
33 -92 -33 -63 0
-78 -8 -44 63 100 0
56 -97 -89 0
32 72 57 76 -91 0
-22 -12 0
42 14 -68 0
-51 81 -87 65 -27 0
33 -62 -94 0
92 88 32 0
-98 23 89 0
-50 54 -91 93 68 0
-55 -93 -29 -48 32 0
-19 63 -64 0
101 -54 -103 -50 0
-100 8 90 -7 -50 0
-82 -80 -95 0
82 38 -3 -80 0
-39 -96 4 90 -91 0
57 83 -52 62 12 0
67 94 75 -72 2 0
100 -9 -42 -44 90 -64 0
71 26 32 0
-57 91 -58 0
63 21 -100 28 64 50 0
-45 -31 53 0
46 77 -41 -75 66 66 0
-13 -59 74 -6 0
10 66 -5 -83 0
46 2 96 0
-25 30 38 -60 -68 0
-2 55 -8 0
41 -14 58 103 41 0
-51 81 27 -52 0
29 30 -20 -18 0
-6 -67 -21 -81 0
69 13 -65 0
37 37 -50 -59 0
77 52 29 0
49 -67 75 0
53 -31 45 20 -83 59 0
85 -56 64 0
3 -47 66 0
-55 -71 -103 -64 0
68 -34 -18 0
-25 -71 -99 0
-17 91 -19 9 44 0
25 -8 0
-101 92 -54 96 -25 0
-32 -30 21 -93 0
7 39 -15 -21 -3 0
60 -34 -1 0
60 6 0
15 -47 66 103 101 0
18 -22 -41 55 2 -25 0
86 -79 99 0
-3 -54 39 0
-72 38 -7 0
-13 -96 5 44 0
67 -55 -72 90 0
-29 11 -96 17 -21 0
103 -39 0
49 55 -27 -23 59 -101 0
48 96 0
-95 -61 -21 0
-92 -15 -94 -85 -102 0
77 25 24 -10 0
85 80 -16 -19 0
78 -83 0
10 -69 0
13 23 98 45 0
22 87 -78 0
-89 -28 26 -99 0
-73 -50 42 67 0
32 -5 -33 88 -33 -83 0
-95 -8 -81 97 -90 0
-54 89 15 0
41 -16 -6 100 -89 0
-78 -8 63 0
-69 86 -52 0
40 -7 100 0
71 90 -32 -35 19 0
64 -70 93 0
-52 -99 20 -47 0
-75 86 20 -101 -40 0
-7 81 -29 61 50 87 0
-38 -5 -71 28 83 0
41 101 -62 0
-34 87 0
-7 1 101 91 24 0
-3 55 0
38 44 5 -91 22 0
-68 63 17 -17 0
99 -91 -2 -58 72 72 0
-48 56 96 -30 0
-58 -13 -51 -33 0
-33 56 -83 21 -91 14 0
81 -77 57 0
-35 -88 0
45 -1 95 0
-49 99 18 75 0
-45 -70 -26 55 37 0
-5 79 96 27 0
44 24 44 0
-103 13 -100 -10 -103 0
-38 89 -44 -104 0
52 -49 54 -4 -93 0
61 -67 64 -65 -103 0
20 -8 29 1 -67 0
-61 66 -86 0
-20 54 0
83 -13 -88 73 -31 24 0
-12 -81 82 17 0
25 -6 -96 65 0
102 -26 -75 -44 -46 0
-35 30 -59 17 -91 0
70 100 -66 -18 0
61 -31 -70 31 -29 0
79 -40 31 -2 80 0
-89 -54 104 -61 0
-58 47 -12 87 0
-27 94 91 -37 80 0
31 76 40 2 0
84 -70 -75 0
31 -70 0
-70 -8 65 -7 96 0
-86 74 -44 0
73 59 -25 0
-3 44 -91 0
-59 -98 97 88 -31 0
74 83 -59 0
20 -16 0
46 -62 34 19 0
-27 12 -59 -36 56 0
24 -16 -76 0
41 66 6 0
41 -40 9 91 99 0
96 40 0
-101 79 22 -63 0
-93 -10 -3 34 81 0
-6 -79 0
2 20 -28 17 62 0
-37 77 24 -26 0
-44 33 0
-99 -4 -88 19 0
-99 -28 -67 0
-15 25 -97 -78 92 0
27 43 15 -4 -39 61 0
88 -82 -37 53 0
23 58 -79 0
-25 -90 -32 -94 56 3 0
-24 73 -89 0
59 98 33 -61 0
98 -36 0
-39 34 28 95 0
-88 -29 0
62 83 11 92 99 0
55 73 -34 -104 -21 0
46 42 29 0
-50 -28 85 0
-68 97 44 60 0
58 5 -61 28 0
-74 68 -51 -27 90 0
14 -31 39 0
-96 29 78 0
23 40 47 0
-32 -16 -39 59 0
48 68 -19 -8 -54 0
-54 -66 -47 0
-85 -60 0
-30 -83 -102 0
-73 -2 52 92 0
-97 9 73 -26 0
102 34 25 39 69 0
-97 6 39 101 -72 -24 0
-12 -57 45 76 0
-67 83 47 21 0
-74 6 0
20 -6 101 32 0
-80 42 38 98 -86 0
99 -94 14 47 -18 0
83 -35 -26 -56 0
69 -98 62 0
-17 -16 -13 -67 -76 35 0
-56 63 0
-79 44 72 -26 0
101 -8 -36 101 4 100 0
-53 -27 -76 76 53 -67 0
18 -87 24 68 52 0
-7 85 -98 83 0
-83 80 -45 0
-30 64 -53 101 -94 -98 0
-46 25 8 0
71 102 0
70 -90 14 99 -17 73 0
94 -32 -68 28 0
74 -46 33 -77 -12 -7 0
89 -48 3 0
-29 -24 62 -80 -59 80 0
66 14 0
-70 -76 70 7 0
104 37 -90 36 0
47 -8 -88 -20 27 -19 0
41 -86 -88 0
-12 -56 -5 77 0
99 -10 -70 77 0
-34 84 79 -97 25 -5 0
41 94 71 0
98 -46 -74 4 -18 6 0
-34 -62 49 -78 64 42 0
94 -93 58 103 -91 0
-45 30 0
-36 -6 -67 0
24 98 -51 0
101 -26 0
-19 -46 -46 0
-99 -6 20 -90 11 -79 0
17 -91 16 -59 0
-12 13 -57 0
-100 -77 54 -75 81 36 0
47 -27 69 0
-95 -41 60 59 102 0
-85 103 -2 0
54 -1 12 42 0
-46 86 47 58 0
-76 54 50 66 0
99 -35 45 0
25 48 -52 -31 80 0
32 -101 29 32 55 0
-103 64 -92 0
89 85 -96 0
83 -28 0
-3 -74 35 -73 0
73 33 0
-24 54 100 -31 0
-97 85 0
6 44 8 0
50 -60 25 -39 75 0
89 68 0
-11 -64 9 0
-64 -51 84 13 0
-99 54 0
85 -96 -18 73 0
50 85 -78 8 0
77 -6 15 104 13 0
-51 100 76 -24 -77 0
-85 -84 -46 -18 0
-94 83 8 -14 0
29 76 22 -17 76 0
13 82 -33 -34 29 0
88 40 -88 -41 -55 -20 0
-14 -93 -89 73 0
-22 102 8 -36 -8 0
-42 52 -60 -100 0
-66 97 -51 53 0
75 89 9 0
-48 27 66 -33 -14 0
-38 12 -68 61 0
-60 21 0
94 103 -80 76 33 0
-23 99 99 32 0
-7 -58 -28 0
-2 72 -31 -4 -54 0
41 -24 0
-57 -15 -77 23 0
-49 -99 99 -40 -20 0
-27 -96 -75 93 46 0
68 58 60 54 29 0
-70 -42 83 0
53 77 1 1 72 -49 0
98 -70 0
-7 9 -103 71 39 10 0
-55 88 -61 -47 -38 -87 0
2 76 97 0
-12 -94 67 66 30 0
-2 1 -83 0
-91 71 3 83 0
58 -70 -89 0
54 96 -92 -101 0
-27 61 -78 0
21 -61 -97 4 0
31 -11 72 4 0
-95 -73 78 43 10 -97 0
39 -89 -92 -74 24 0
-23 40 81 0
45 84 -84 79 102 18 0
-103 68 -98 -29 -72 17 0
80 -91 -102 89 0
-5 2 20 -26 40 80 0
-44 99 -54 -49 0
-89 -85 8 0
87 38 60 -50 16 -78 0
101 83 -11 0
-77 -97 24 23 -44 88 0
79 63 -83 -61 -62 0
82 -21 -22 21 62 0
32 69 25 68 0
72 -85 -68 47 0
95 29 -76 91 0
-76 1 -16 13 0
-70 -11 73 51 0
-96 -6 0
-31 35 0
33 47 -54 -49 34 0
27 61 48 66 -8 0
-61 -15 -36 0
-48 -42 -22 63 0
-90 -58 -29 0
26 -14 0
-85 -79 -94 -8 0