c
c start with comments
c
p cnf 81 121
-29 54 -64 0
10 -62 0
-38 35 8 -48 0
47 -77 -73 -2 6 15 0
-38 -18 -8 -40 2 0
-73 -65 31 0
-9 -70 71 -31 79 0
-18 -40 42 0
-2 8 -62 -81 43 0
53 -56 54 -23 0
28 40 0
1 -60 -53 -57 0
15 20 -2 0
-50 -48 21 1 0
32 62 12 60 0
-23 -19 5 38 0
78 -8 48 0
-34 73 -21 -3 -67 0
-58 -11 -66 -28 38 0
76 75 -48 -43 -58 0
10 -28 -6 0
-52 -45 58 35 0
2 -18 -67 25 -12 0
15 -46 -61 -78 26 0
56 -50 20 -53 0
4 -15 70 -52 17 -63 0
26 23 81 -15 -62 0
-37 81 -6 -27 -44 0
49 -58 0
-28 -51 -20 0
-6 -54 -48 65 18 0
-1 49 -70 -72 -51 0
40 46 -31 0
-11 -51 -35 0
-42 -45 0
-49 67 -17 -19 0
-79 -15 0
36 78 80 79 0
-75 -34 78 0
-7 3 50 0
-12 -57 33 0
-17 13 -26 48 35 0
58 -8 -29 -35 68 14 0
43 -14 -45 -70 0
46 12 71 22 2 49 0
-52 35 29 46 66 0
17 15 28 -42 -5 -8 0
-64 -34 24 33 1 54 0
-50 -31 -38 -33 -20 0
-39 63 11 -64 65 -70 0
-42 -47 0
51 50 -20 67 0
-67 52 68 0
-52 51 20 51 44 0
-73 71 0
26 -75 0
-72 48 43 0
-72 14 -40 0
-61 -63 56 0
-1 -11 35 0
54 60 -43 0
25 48 -48 0
60 -36 6 0
-20 -33 -35 -14 0
66 -27 80 -36 0
-64 50 78 72 -34 0
78 55 -35 0
40 6 45 -72 -45 0
-54 -13 -40 0
44 73 79 0
-60 39 81 37 64 -63 0
30 -66 0
41 59 62 0
78 60 3 57 0
-57 21 80 0
64 47 69 40 33 0
67 -10 6 0
-32 -8 -72 -32 -81 75 0
-64 29 -42 -60 0
34 65 -27 0
3 -45 -15 38 0
-35 -31 -60 0
-75 -29 0
58 34 23 -45 49 37 0
19 26 -32 -25 -68 -80 0
-22 -34 66 8 0
-2 38 -56 0
25 -15 -44 59 -22 -35 0
-17 -46 -29 41 0
79 17 0
69 43 67 35 28 0
-20 54 -33 0
-39 53 72 -37 10 0
42 -7 -67 0
43 40 -36 0
-4 -58 26 -68 0
46 47 19 0
59 28 -15 8 -18 76 0
19 30 -48 0
-7 74 72 -9 64 0
5 -26 0
66 -48 47 0
-65 3 -64 -51 0
-27 -16 36 59 0
13 9 -10 0
-29 69 -47 34 55 -74 0
-41 6 -13 0
51 60 59 -70 -38 0
51 6 -79 33 -20 -53 0
36 -48 -40 28 -63 0
13 -41 26 -25 -29 0
1 -60 74 -39 -73 -66 0
-77 38 -2 0
81 -53 64 -21 67 0
33 46 0
-79 15 66 61 73 75 0
-60 -69 65 0
21 20 0
24 -19 0
8 -41 0
21 11 56 -27 20 -55 0