c
c start with comments
c
p cnf 118 548
80 -32 -14 -88 0
-19 -7 40 0
-97 -57 108 0
-109 43 0
-13 -62 20 -14 0
11 -5 -4 -23 0
9 95 76 78 -93 96 0
85 118 0
112 -113 47 -95 -31 0
42 61 -20 -66 85 0
86 -22 0
-70 -15 117 -68 -80 0
30 86 94 -61 0
-85 81 67 78 52 0
-109 92 0
41 49 66 0
-60 69 56 22 96 0
73 18 90 86 84 0
-55 89 91 -78 0
42 -11 -85 -47 22 -35 0
-93 44 -94 0
-7 105 -2 -50 -45 0
34 103 -66 -37 115 0
111 40 27 115 -101 0
10 -41 -117 0
-40 44 34 18 0
-13 116 41 -30 4 0
-94 14 21 -7 -109 0
-54 31 -105 118 64 115 0
110 -10 -95 7 -72 83 0
-12 -113 0
5 25 75 0
-20 -66 102 0
-101 79 -86 97 103 -3 0
-59 -44 -53 83 3 0
21 114 -43 -61 0
-78 18 53 0
54 -113 3 -93 -43 0
-24 73 0
-55 6 115 88 100 0
-18 -61 -63 42 42 -14 0
-11 14 -21 -37 91 0
-70 -87 8 101 0
-57 -89 0
-88 92 -43 35 -57 0
89 55 92 69 54 0
44 59 62 -65 0
34 -104 0
82 38 5 -7 0
84 -35 -39 -27 -29 0
28 106 17 -40 54 0
-56 110 0
-10 101 0
26 54 0
-24 117 -1 0
44 60 50 0
-68 68 40 -72 0
117 72 70 15 0
15 12 12 0
-92 15 -105 -99 -91 100 0
111 92 -71 -66 0
20 -92 -105 62 0
-69 80 -85 0
79 118 -32 62 0
-43 -9 69 116 -106 82 0
81 61 -99 49 108 0
-86 99 64 -39 0
-107 58 45 99 0
-117 -50 0
33 -54 -55 72 70 15 0
-83 -84 7 -72 69 0
-46 -38 0
-21 -74 -82 4 -80 0
111 -44 64 8 -110 0
73 -99 0
-70 74 82 0
-88 -9 0
-96 -10 0
83 -12 -82 114 105 56 0
79 -22 18 0
78 -24 -94 -14 93 0
29 -37 -99 -111 0
94 39 100 -35 0
-89 -24 -92 -34 0
-44 -81 72 64 1 -34 0
-45 103 -81 106 0
-9 91 55 0
-65 114 -103 54 0
51 61 -106 98 0
-8 57 -74 39 -4 0
38 103 -69 71 4 0
93 64 66 86 0
18 109 20 -76 -49 0
-40 -77 80 71 0
13 -5 93 -35 0
-73 -92 -55 -20 0
-20 -25 26 75 113 0
82 -57 98 39 0
-35 -104 -7 -60 41 0
41 10 62 94 0
-41 55 35 0
39 -66 73 -16 -57 0
22 113 55 -90 0
64 78 -111 -106 -104 64 0
-32 38 8 -96 -83 0
-26 -88 -67 0
-19 45 24 0
24 36 -12 -94 0
100 71 0
-68 -37 29 32 0
19 -76 39 26 0
31 41 44 0
-99 97 77 -83 0
-52 65 -109 0
115 74 16 35 -87 0
27 4 -45 106 31 0
72 -101 -5 118 61 0
-72 74 110 30 89 0
-36 6 -28 101 -113 0
-92 -26 51 -109 -77 0
63 -98 -14 -26 0
-39 8 42 77 -77 -87 0
56 79 41 -118 -108 0
-71 40 113 96 0
-115 70 -85 0
39 -74 -24 0
67 21 -95 0
-7 36 62 -69 -2 0
101 24 0
107 10 15 16 -100 -5 0
54 -92 -62 -46 92 0
-16 70 -39 0
-105 101 -19 18 -80 -88 0
102 97 85 -69 -4 70 0
-28 102 91 52 0
78 -72 -113 104 0
-13 -1 61 0
-101 -44 -94 51 50 0
-42 106 -15 9 88 0
-48 31 4 0
-112 -109 0
-107 96 91 8 0
-108 -90 94 51 0
-102 -106 108 0
91 83 -41 -83 0
-105 29 22 0
57 -13 0
-36 19 73 -98 -65 -57 0
-38 25 31 -30 59 64 0
31 68 -58 -74 12 0
20 -102 0
-12 51 -29 -33 0
98 107 28 0
-109 -54 -24 97 0
-77 7 -104 -9 0
78 -62 85 -9 -42 0
-62 -110 -37 0
-87 -94 -79 0
-45 103 -101 -25 -20 -112 0
-107 115 2 0
-55 53 0
-3 118 -61 -114 0
-105 -110 -103 -51 0
-59 -16 -33 -84 0
21 13 0
106 117 25 -44 88 0
-15 -21 -90 -76 96 0
112 -72 -67 56 0
74 59 112 0
33 -12 0
-98 44 75 -56 81 -18 0
9 40 -25 108 40 0
-5 16 -85 -71 115 0
104 -52 39 58 0
-16 -78 87 60 21 0
89 -61 44 0
-56 51 -92 -109 -66 0
-19 98 -51 -105 82 0
-101 -23 -44 62 0
-22 -37 4 81 0
-52 102 81 -52 0
-85 -63 38 -67 0
16 87 87 0
20 28 0
28 66 -46 0
44 89 85 41 50 0
116 98 -13 0
-88 -100 73 -108 0
-39 -32 72 -60 107 0
-23 -115 -89 0
-46 -102 91 -75 0
-61 -115 6 0
95 -73 19 0
37 -71 -77 0
66 73 -64 -104 30 -111 0
7 -104 113 0
98 104 102 -93 0
-22 -18 3 -109 -113 80 0
-93 77 -20 81 0
79 53 -18 47 -33 0
-6 49 -73 -106 50 0
-23 6 57 -39 98 0
82 -15 -25 0
47 59 62 4 -41 0
-34 -88 0
1 -117 -105 -27 -18 -85 0
-75 -82 79 0
9 80 -4 -45 1 0
-82 87 0
84 -103 -86 116 39 32 0
-48 84 87 61 -77 0
-43 -2 -41 0
-32 -115 90 -42 0
39 -48 85 -37 105 0
-13 28 -66 47 115 0
74 33 -69 -38 -3 0
-67 -12 70 -82 -108 0
25 -102 15 -71 22 -55 0
-110 -30 -71 23 2 -30 0
-94 8 -106 41 -65 0
115 -106 48 0
-75 -79 -31 90 73 5 0
1 -101 5 -28 65 0
62 63 42 -71 -96 65 0
29 28 91 17 106 0
-74 -51 -94 27 112 118 0
-36 97 101 67 0
118 60 89 -19 0
58 5 -38 -94 0
89 -74 -46 -9 0
107 36 96 105 50 -96 0
29 -111 88 0
-69 -26 79 6 -38 0
67 -55 -115 -29 -74 0
70 69 31 0
82 -99 38 -83 0
-5 -58 -106 30 -49 0
-64 40 0
10 72 0
-63 -28 0
-38 66 64 0
-95 87 92 0
10 4 95 72 0
68 6 -77 -4 0
43 -55 0
-9 -32 37 0
80 -38 -83 -82 0
73 -37 -4 34 0
-81 -96 0
-101 -14 0
112 3 36 -32 -30 -16 0
-30 75 -99 0
-31 -77 73 0
-86 -79 -64 0
65 -61 -35 109 0
-55 -19 -6 0
68 -69 -89 0
-35 106 -30 52 -96 -70 0
51 86 -4 -48 82 -90 0
31 65 -83 -79 0
35 -110 0
-44 37 -29 0
68 45 -70 -69 0
72 -1 37 92 0
71 42 42 -13 91 0
-84 -40 102 52 89 0
81 -117 56 0
42 89 91 31 111 0
93 -111 104 0
-76 96 28 -110 114 0
5 21 -43 0
-78 116 0
-73 97 5 115 0
107 51 -60 -102 36 0
-68 -62 -29 -30 -61 0
-91 -112 109 44 -63 -76 0
14 -106 -74 -113 0
47 90 -29 -96 -75 0
-71 3 0
28 48 -62 0
-96 87 54 62 0
-30 97 -74 -115 76 0
34 74 -34 109 -45 0
36 40 -108 -63 -10 0
75 20 0
-78 25 23 35 110 0
88 -56 -41 -52 -100 0
90 54 98 114 0
-12 -103 0
-38 38 56 -6 -106 82 0
95 -49 -96 -71 65 0
91 39 23 -5 20 0
-37 -10 -64 0
65 -16 -52 -62 -8 0
-43 -99 0
18 -14 91 -110 0
50 41 48 -76 -15 0
-78 -23 85 6 0
27 -58 77 0
67 -30 82 118 0
19 -75 -112 -99 -88 79 0
91 97 0
93 -47 78 32 -75 -106 0
-32 -109 90 0
-43 49 0
-33 70 9 40 -10 0
-82 32 -39 -96 116 106 0
-110 28 0
6 -58 -111 0
13 59 99 -65 0
40 -51 66 -23 84 -52 0
47 -104 29 5 -46 -48 0
-78 -47 -100 -66 -97 25 0
74 69 34 21 0
113 -32 -98 -98 0
-112 -48 -107 -28 63 -17 0
-69 80 -26 -35 60 0
-19 -29 14 14 87 0
11 60 49 0
3 32 0
-105 29 35 0
45 17 -112 -25 0
68 106 41 0
-27 45 82 0
-54 -1 0
-26 81 20 -7 0
52 75 -35 -61 0
83 -93 -102 0
-93 78 -5 0
83 114 106 -92 110 0
19 37 12 -96 -110 0
-79 67 66 -84 -97 0
-41 -50 -54 4 0
55 -59 -35 -67 63 0
-100 -48 75 -77 0
-106 -19 -75 0
-80 -81 78 35 101 -103 0
-70 -22 -14 18 -27 0
-10 -24 55 0
-13 -86 -3 -64 68 0
-71 114 -42 -25 0
91 24 -79 -85 0
-87 70 -51 72 90 30 0
-6 36 -64 -100 0
-23 -35 -102 101 6 0
56 65 -46 84 85 0
-73 35 104 40 54 0
8 -35 -62 27 52 0
37 28 47 79 0
75 25 76 -79 0
-45 -49 111 0
-108 -60 113 -107 -22 0
-79 17 110 113 -98 0
74 85 60 0
110 -26 11 111 81 0
28 -91 -31 0
90 -110 93 -25 0
19 41 -109 20 0
16 -9 0
7 -1 41 -94 -30 -63 0
-72 24 -18 66 0
56 -28 -23 56 102 0
-111 64 10 0
-38 97 111 0
40 -114 -80 -57 57 0
95 -103 -93 0
26 -31 52 105 39 0
51 61 -56 113 0
-58 53 -36 39 78 0
-88 -66 -78 21 0
-95 55 40 46 -52 0
-82 66 66 -88 0
-12 77 56 -28 0
-11 -15 -68 0
-107 49 35 -83 15 0
-29 21 114 0
-116 14 -102 -65 89 0
-34 -97 25 -40 0
-98 115 -42 -33 0
-35 -3 -20 109 0
-57 61 6 -5 20 -10 0
-65 111 0
-11 57 -53 0
50 -94 -115 -104 -12 19 0
-54 53 -103 -102 48 0
-45 118 77 0
45 45 -38 0
-46 -35 0
7 56 -4 -36 -104 80 0
41 -57 33 0
16 92 52 0
-73 8 -85 -98 0
2 -53 -86 30 71 0
-82 53 82 -38 -86 0
-62 69 23 -73 -17 83 0
-66 -100 -71 0
114 -33 0
-17 55 -70 0
61 -55 77 -86 -111 0
26 -45 39 0
90 -107 -24 0
70 -36 -26 -82 0
-16 7 -60 0
-72 -85 -110 -64 0
-72 -32 -99 0
79 -38 101 0
112 78 -82 23 -11 -117 0
-29 53 65 99 73 0
75 -7 82 -105 0
98 50 100 0
-70 -43 33 26 0
-15 21 93 -15 28 0
-38 -117 -59 0
-95 19 6 29 7 -72 0
74 17 79 -21 -90 0
110 -100 53 19 -58 0
12 -118 -32 -43 0
65 18 26 -41 47 0
18 12 -38 0
-19 -7 17 35 58 -66 0
-24 -25 -61 -103 0
43 69 98 -32 -19 0
6 67 0
-5 -64 -19 0
76 49 -63 -40 82 0
45 -19 -82 99 -31 0
-50 -87 -12 0
-31 -2 0
-62 112 -20 0
-39 -22 0
48 108 -96 0
-69 -37 46 58 -56 0
-14 15 -10 50 31 0
34 114 -41 -85 0
2 61 -102 -42 0
-102 -91 -53 0
66 117 -54 -62 99 0
110 -27 36 0
-46 109 0
14 29 -12 12 0
55 46 -100 0
8 88 -74 16 0
104 -55 78 -108 -23 0
13 99 0
68 64 14 0
52 -2 77 -13 -52 -55 0
-77 -111 0
-38 -92 35 -29 0
84 -114 108 0
-3 -113 -81 0
90 79 99 -40 46 54 0
8 -73 52 0
-47 -49 86 13 107 -103 0
-23 44 4 39 -74 0
102 66 -67 -62 0
113 15 1 0
-63 -35 0
-106 -83 42 0
44 -37 23 0
22 67 0
-46 -3 85 47 0
55 -60 -102 -98 -64 91 0
-62 -99 0
108 84 83 62 46 0
26 100 0
36 -36 -49 46 0
-17 106 10 70 34 0
106 -34 -9 -68 -90 0
27 -104 -69 -98 0
29 -16 -90 -18 89 0
40 -88 117 0
34 -65 25 -92 78 5 0
81 47 -20 3 0
58 -61 -108 51 0
-43 -27 117 -81 0
-77 -109 55 0
-20 9 0
-39 17 0
-54 88 -86 44 -55 0
110 -43 16 -108 0
69 58 62 0
118 -65 85 -5 -74 0
-106 83 -111 0
-80 -65 -41 -95 -15 0
30 61 31 71 0
-77 105 -99 -56 -32 0
-85 -31 -61 -6 110 25 0
106 -33 -106 -102 0
89 -80 81 0
-12 72 0
81 21 15 21 -6 -68 0
-15 -10 -23 30 -107 0
64 15 -9 -107 0
-51 104 35 88 7 7 0
65 -74 -106 0
41 -51 74 -90 22 0
103 54 28 0
10 89 -107 43 116 0
60 -68 -89 -78 0
33 100 104 98 0
-69 -96 89 50 0
69 84 57 -10 0
-94 28 -36 83 -100 0
105 15 -5 -48 -104 0
-91 -30 -52 0
52 18 26 -4 0
19 21 -75 0
-4 -89 -34 0
8 -117 -74 76 0
-21 115 60 0
-63 -36 99 0
8 -72 0
-94 10 -77 -15 0
15 91 -43 70 -70 67 0
-109 93 115 61 69 0
-113 -15 56 76 29 -27 0
-67 -18 48 62 0
-78 -107 -80 3 -90 0
95 -104 24 0
114 -94 -62 6 0
-27 -43 104 0
14 -101 -96 -109 -94 0
17 106 24 -97 68 0
-106 -102 2 0
-6 60 -64 18 50 0
22 -45 44 -3 -99 0
-87 63 51 -88 -81 0
-24 -69 -50 -59 22 0
-41 105 87 -78 0
7 -3 73 0
-104 28 61 117 96 0
89 15 58 89 0
68 -6 -93 0
-9 -18 -89 -63 0
83 -22 -27 114 0
115 -32 0
-40 -24 40 95 0
94 -43 -64 -42 114 0
-10 61 33 118 58 0
-47 -107 48 0
24 -15 108 30 -98 0
-47 6 -103 8 0
106 -62 -20 -104 0
38 16 87 0
-50 -22 -91 52 -85 0
-23 106 111 14 0
78 54 0
-94 31 102 -14 0