c
c start with comments
c
p cnf 45 110
34 15 -41 0
-4 -42 10 -9 -11 0
24 43 42 -33 -15 -43 0
16 4 -22 34 -17 -11 0
-40 -11 0
-26 -29 -37 0
-6 27 30 7 0
-34 27 -18 0
31 -37 21 0
8 28 -34 38 -36 0
9 18 -36 10 0
44 27 -32 -36 0
-44 -6 33 0
-26 3 5 -23 -33 0
38 -39 6 0
-13 -2 25 25 38 0
-39 -3 -4 -27 21 0
-15 -41 -17 0
-19 5 -35 -39 -23 0
34 -37 30 0
34 18 26 -12 0
-15 36 44 28 -19 0
-20 -1 -3 28 -34 -38 0
-31 12 -29 -41 0
33 31 -10 24 -37 -45 0
-17 41 0
43 21 -38 0
20 -21 21 17 0
-20 40 6 0
-10 31 0
-38 -9 15 -4 0
-10 28 21 0
-8 -15 -9 0
33 -25 0
34 -38 -35 43 0
3 15 -41 0
15 25 0
2 44 43 31 0
-35 -3 -9 -32 -39 0
-26 44 -5 0
-44 33 -8 34 -7 0
-38 26 -42 0
-17 -12 40 -33 -10 0
41 44 -26 -23 -23 0
-17 44 -44 31 0
22 45 0
20 -35 -4 0
34 11 -26 -41 0
32 -31 3 -14 43 0
-27 -9 1 -35 0
33 26 4 -42 0
-30 -42 27 0
25 40 -4 0
-28 38 45 0
-33 -8 -3 19 1 20 0
-19 -15 6 0
21 -1 34 0
-10 9 -38 19 0
-28 -37 14 -7 26 -18 0
28 42 -6 -22 -38 0
-6 33 44 0
-40 -9 -36 33 0
-11 35 -9 -45 0
13 -26 -28 -40 0
-22 -4 15 -32 0
26 34 29 -40 0
-8 5 24 24 0
2 30 -21 0
-43 -38 0
-1 -9 25 -40 -40 0
32 19 35 -13 11 -42 0
16 19 -12 30 0
30 18 -32 29 -18 0
11 8 -42 -11 0
42 -41 15 0
40 30 9 0
13 20 -6 0
-38 42 0
39 -12 -28 -36 14 0
1 -43 -33 0
-27 39 -36 0
42 11 -7 0
44 -40 -22 41 6 0
-13 -24 -31 8 42 0
31 -42 -42 -21 -6 0
-34 9 -14 0
-13 -33 -36 -10 38 20 0
-11 -31 -18 4 -45 0
-20 -29 33 4 8 0
36 -8 41 0
9 24 -37 0
8 25 38 29 0
-12 30 22 0
8 11 33 -16 -17 0
-13 -38 -43 8 0
-26 -42 42 6 3 -42 0
1 -9 -8 0
7 20 42 2 -27 0
35 -15 -1 -18 -10 22 0
33 -12 45 0
40 -39 0
-35 14 -24 26 0
7 25 -4 23 19 0
-29 26 0
40 45 34 33 0
-39 -14 0
-45 -28 34 -29 0
-44 8 -21 -12 -37 13 0
-23 10 41 -18 0
-43 17 -18 11 0