c
c start with comments
c
p cnf 76 104
-57 -64 17 -34 0
74 -56 -71 -70 -24 -27 0
18 15 -28 20 -69 0
48 -69 -28 0
-32 -24 38 -11 -16 57 0
23 73 68 69 0
76 2 -27 -44 50 0
-24 -61 50 57 0
-58 -27 68 77 0
27 -44 22 44 -49 0
-64 -66 71 76 63 0
2 21 -47 -33 -63 20 0
60 8 -7 -36 0
19 -47 26 -8 24 0
-76 30 0
58 34 0
46 66 -49 67 -42 0
-66 70 0
-66 -22 64 61 0
-62 -40 38 0
14 18 -71 41 74 0
64 -19 11 7 51 0
6 5 -77 26 -10 0
48 -24 -14 -22 42 0
-39 -41 -4 38 0
14 28 35 -5 0
15 -40 -34 -71 -2 0
26 7 59 43 -56 0
51 63 0
77 18 21 -2 0
-14 -6 -5 0
-62 29 22 51 -2 -46 0
60 -72 0
-48 67 -12 0
11 77 -74 0
55 24 -7 33 64 0
-70 -58 -30 0
38 -36 -16 31 0
-17 28 48 -22 0
55 22 -7 54 -56 21 0
43 13 -50 27 0
72 4 68 38 -35 0
18 10 -59 -5 3 0
-12 31 -31 44 0
-53 -15 -43 10 -23 -61 0
-55 -36 0
-64 21 -57 71 -75 0
-74 58 68 31 0
-30 48 42 13 0
15 57 71 -67 35 -14 0
22 15 49 2 0
-34 -7 -40 -76 69 20 0
76 35 -44 -58 68 0
68 66 36 42 -30 0
15 -75 13 -73 60 -19 0
2 57 4 1 -39 0
-16 56 61 55 12 0
20 -68 0
-65 -3 53 13 -51 0
-48 -76 -31 -59 31 0
12 44 -71 -62 -18 0
8 -44 -32 0
10 47 -70 62 12 32 0
65 -24 68 -53 -66 0
6 -54 65 -48 0
-31 18 -74 -56 -63 0
65 48 71 -47 0
-54 46 13 12 18 -69 0
1 -48 37 0
-58 -37 -38 19 63 0
10 71 5 -60 0
-63 -12 -25 -29 -40 0
-24 7 67 0
-23 -46 21 17 0
23 24 0
73 -30 49 0
22 -61 72 -8 -40 57 0
-55 -44 59 0
59 14 1 -12 33 -48 0
63 34 39 58 34 0
-65 -17 -49 -11 0
26 -28 38 28 0
-52 -5 -77 -40 0
52 36 0
-69 -53 -33 40 -56 10 0
-34 -42 37 0
-32 -53 36 43 8 0
-65 -43 -40 -76 -50 -21 0
-50 -2 -36 -30 0
57 54 30 -34 0
-48 20 -66 63 0
-47 -38 0
-47 72 -58 -72 -77 0
-20 6 -36 -58 0
53 -63 -77 66 0
3 25 19 -42 -20 -24 0
2 -62 19 -41 0
-37 -2 -42 -40 0
-1 69 22 -9 -22 0
17 7 -26 -31 0
-35 39 -1 35 0
-8 -68 5 -63 -27 0
46 9 59 28 0
-40 -15 -66 -72 27 0