c
c start with comments
c
p cnf 43 247
-2 9 -41 0
11 -31 -1 -4 4 0
42 22 -12 16 16 0
33 38 4 0
-26 38 37 43 0
2 -26 22 16 21 0
-26 -6 -3 15 0
39 9 21 5 0
29 16 -5 0
2 16 15 13 17 -8 0
31 -21 3 0
-34 -22 -7 -15 0
-9 -10 14 36 35 -14 0
-10 -42 -21 15 0
-21 8 17 -14 -1 33 0
42 26 12 9 29 -24 0
-11 25 20 -28 34 0
5 -6 14 16 2 0
-32 8 7 0
-4 3 -29 0
7 -21 -38 -21 -10 -4 0
12 -5 -29 -30 -21 0
-18 -12 0
32 -28 -40 0
23 -30 11 24 0
-2 35 -3 35 41 0
37 39 -42 15 39 0
-12 -19 20 34 -2 0
21 -35 -36 13 -13 0
26 39 38 -18 -21 -3 0
42 -40 -1 0
-41 -27 19 0
7 -39 0
3 -6 14 -39 25 0
3 -14 1 0
-11 -27 -32 34 -28 -22 0
21 -39 -31 -10 26 0
22 29 -22 29 37 0
-6 -43 0
28 -11 24 -24 -20 -1 0
-37 10 0
19 -5 -21 3 26 0
39 34 0
-7 16 42 -18 -19 0
27 37 22 11 0
-8 -39 0
5 -20 -27 -7 38 33 0
-25 20 13 40 16 17 0
10 30 21 -20 0
-18 -7 -15 42 31 0
11 6 -34 -33 -26 0
2 24 -43 -29 0
16 -9 0
4 9 -11 -40 0
1 22 6 -35 0
18 13 0
8 27 -6 0
-7 25 0
8 12 0
-27 -19 -2 34 0
26 43 -25 0
27 7 33 0
-29 28 -7 -24 0
-35 16 -39 2 0
-24 7 4 0
-6 -33 -17 0
12 -9 24 -24 -38 0
29 -40 -42 35 0
-24 -8 27 14 0
-35 17 -19 0
11 -40 -39 -40 8 -24 0
24 -16 -30 41 0
29 28 -8 3 0
-1 -34 -10 -18 0
17 -6 -7 -38 -4 34 0
40 -13 31 -30 36 0
-42 43 0
23 8 27 0
-37 9 7 11 0
-14 -42 -27 -11 0
-9 -26 25 11 0
-40 19 -27 14 -41 0
19 -35 0
-20 -17 -30 37 0
14 -14 -30 -16 -15 -15 0
-37 38 9 -4 -42 0
13 37 0
-38 -13 -30 -41 -11 0
-13 -24 35 31 0
23 38 -14 -22 -35 0
-28 -19 2 -18 -12 0
-24 -34 14 -20 0
-18 -1 -8 -36 0
-16 38 23 -32 0
-24 12 -31 0
-10 16 -12 10 0
41 40 -26 22 0
13 5 -31 0
41 -33 30 0
-24 -37 0
42 -17 8 -36 24 0
29 -12 37 13 -31 -40 0
-32 -15 12 21 41 3 0
7 -12 5 37 22 0
20 -1 0
-20 25 -15 0
-31 -12 16 29 0
3 -22 3 -35 32 0
4 36 43 0
23 19 38 -41 0
-26 -29 23 0
-5 3 -32 0
-23 21 41 -32 -7 0
42 -42 25 41 34 38 0
-28 -35 -3 2 -31 4 0
-43 -12 15 0
33 7 -42 -4 -35 42 0
10 25 3 0
-33 21 -18 0
31 39 -31 0
-31 -27 -35 -20 -3 0
-37 26 -41 27 33 0
-2 -41 0
-36 -17 -32 0
39 -30 0
35 22 -8 -22 -1 0
22 28 -26 32 27 0
38 -41 24 -11 -37 0
-3 15 -32 -40 -18 0
8 35 -42 34 0
3 24 -3 -13 0
-40 -9 -33 0
18 7 41 -36 0
26 14 -15 0
24 -8 29 0
-32 33 0
22 29 9 -40 7 41 0
-7 5 -32 23 24 12 0
40 -7 -37 0
-28 19 -34 25 -8 1 0
42 33 -15 24 36 39 0
2 -27 25 38 5 -17 0
15 7 30 -29 14 0
37 25 17 -43 4 0
22 -36 -41 -19 -42 0
-29 4 40 0
-29 -27 0
38 28 -23 0
-40 33 -10 16 6 0
8 35 -14 -2 -33 36 0
-12 12 -41 0
-8 31 -12 19 38 0
-19 36 -8 0
19 -6 27 0
13 -21 -6 7 0
38 42 0
-42 37 26 -26 30 -41 0
9 18 0
-3 32 -24 8 0
28 -33 -40 0
-9 20 -26 0
31 -13 -27 2 -12 0
40 -9 4 13 0
-15 -42 -4 15 39 21 0
15 -12 40 0
-15 -10 -28 26 0
-18 41 -3 8 0
-28 -34 40 21 -6 4 0
-26 10 -14 16 42 0
27 26 -42 -17 -7 0
-28 -38 13 22 0
14 -39 0
26 23 34 0
37 35 29 0
13 -29 14 34 -32 16 0
9 23 -40 -35 35 -35 0
-18 17 19 0
-25 28 30 -19 33 -27 0
39 -7 0
6 -39 4 0
31 -16 -35 -13 0
19 32 -37 0
-2 -20 20 -40 0
10 -11 6 -9 -26 -25 0
-27 16 -16 0
-40 30 -28 -14 17 2 0
14 20 -3 42 -38 -24 0
-41 -37 -14 0
5 -4 32 0
-12 -16 0
32 9 -19 -43 -27 -17 0
43 -12 40 -18 0
12 2 30 0
16 -21 -24 0
-40 -20 -14 -20 -11 6 0
22 24 -26 -42 17 17 0
-8 3 -22 40 0
17 -13 21 33 0
14 -12 -31 41 0
-19 -20 -14 -36 0
14 -8 39 -19 0
26 -3 34 0
-19 32 -11 -29 15 40 0
10 -32 0
-40 22 7 -32 41 0
-16 -29 16 -2 0
2 -39 -6 0
34 19 -39 37 -2 0
-17 8 -23 0
-35 30 -15 -39 20 0
31 21 12 -23 -19 0
18 29 -19 0
14 41 32 -7 0
15 35 38 26 6 0
-35 -22 -12 0
39 11 34 21 28 0
35 -16 0
-7 -21 -43 -3 -2 0
-3 33 0
41 43 29 0
40 4 0
-21 21 -33 8 -32 2 0
31 -42 3 40 42 0
-29 -10 0
38 41 21 -26 -21 29 0
-37 26 -25 -3 7 0
15 -21 8 -17 31 15 0
6 -9 -3 42 -27 0
11 11 28 -35 0
-30 13 21 22 0
-5 -36 8 -4 43 0
42 31 -40 0
30 -20 -35 36 42 -6 0
-19 37 21 -14 10 -20 0
25 -36 31 -5 0
-35 10 28 0
24 -22 0
20 -12 0
-13 10 -10 -29 3 0
-7 -36 -31 -8 -8 0
-16 -9 -39 30 -42 -31 0
-22 -43 -29 0
15 22 -34 31 -6 0
-23 28 -7 -32 0
-4 19 -33 -14 -6 0
-17 14 0
41 5 24 23 0