c
c start with comments
c
p cnf 142 647
67 -98 0
-108 -57 -64 -59 24 0
92 96 42 0
65 -39 -4 -60 -68 0
116 -45 -2 -116 6 87 0
108 -73 -43 23 65 -127 0
62 135 -125 26 65 0
97 -82 0
111 -11 -103 -136 0
-118 -114 24 53 -99 0
107 59 64 -92 -58 -76 0
-87 50 -78 139 -51 0
11 -18 -82 -62 -105 -114 0
54 79 -102 48 32 0
129 27 -116 92 -38 0
-30 39 0
-3 17 86 -101 0
92 26 119 96 -124 0
128 -93 -22 0
129 -74 75 0
-99 68 0
123 -33 102 0
-49 135 0
-49 -131 104 0
-64 -122 0
27 -31 0
-93 -104 0
42 -58 44 116 0
-83 141 120 0
-56 86 -43 23 0
-62 -2 103 64 -131 34 0
-53 12 -36 99 55 2 0
117 -120 120 -21 0
44 102 -115 0
31 62 52 101 -28 0
-21 -112 -92 -46 0
121 119 -91 0
60 -13 -3 130 -112 -30 0
-32 32 65 65 0
83 79 -46 37 -94 0
-89 58 -34 6 65 0
11 -22 -126 0
-10 71 -77 37 0
-122 126 -38 33 0
-136 -53 121 -21 -97 -67 0
-67 23 80 0
-122 -21 34 0
-51 -131 -63 -17 132 0
-133 121 14 -129 31 0
47 -74 123 -28 0
64 4 114 -85 0
30 7 -127 -32 93 0
-44 -104 0
62 24 100 128 0
-88 54 3 46 -41 0
-115 94 -42 0
-6 4 -123 133 0
-30 64 53 0
-39 -118 119 9 107 -70 0
-34 -56 83 0
45 5 0
-43 134 0
-49 -67 0
35 42 7 7 0
3 141 -70 88 107 0
-56 11 16 -48 25 0
17 -81 -42 130 -31 -130 0
-15 -94 52 -108 0
56 -92 -16 0
10 63 -105 -102 45 0
-29 140 -82 -83 0
-7 -58 0
-125 -52 129 -19 0
52 79 10 0
1 -134 122 -108 0
-38 -108 140 -95 9 0
9 66 -9 0
29 93 83 -140 -79 0
132 100 -109 58 98 0
-37 129 129 -38 0
75 125 -53 -52 0
9 63 -42 0
38 19 141 0
-110 128 49 -66 0
-102 -3 59 82 0
18 -46 -49 99 87 -58 0
84 -128 76 66 29 0
32 -118 72 -75 -24 0
39 -46 92 0
136 -26 37 60 0
90 -29 -23 -72 64 0
7 -87 -124 0
-91 40 52 121 0
-79 -15 19 0
-83 -66 28 81 0
-101 -51 -42 -31 0
-100 -43 18 -129 0
-108 66 100 0
-104 105 -85 -38 81 0
-82 -89 -96 -106 0
3 -90 126 -89 -94 72 0
-113 -88 -96 80 80 71 0
-105 -23 -74 -118 -86 125 0
47 5 -114 3 29 0
77 -101 -45 61 -18 140 0
-33 59 42 96 0
10 -27 -102 -80 0
133 -69 0
80 -10 34 0
-118 -70 -18 -82 -96 -105 0
-98 134 -76 61 0
-96 -55 34 -96 -138 0
98 86 0
76 -119 109 58 0
-21 35 -25 0
-34 -99 55 -90 29 -18 0
104 81 0
32 54 93 0
-45 -12 -61 57 -120 0
-13 -38 40 62 -66 0
-85 -93 101 0
-15 111 -139 -48 0
-142 105 -138 0
87 -29 31 0
105 8 -115 -2 0
-130 -40 -139 58 61 -12 0
-24 -107 -91 -35 -48 -133 0
-6 15 -40 -61 137 0
38 -90 136 0
52 67 -26 32 3 0
73 -136 -74 0
-75 -119 -105 60 0
22 133 55 0
83 -105 29 127 -8 0
108 -86 31 131 0
40 -26 0
12 130 25 122 110 -118 0
-106 -40 70 5 0
26 69 0
71 -85 -140 -50 63 0
48 91 78 -59 60 0
114 -24 38 -50 0
-136 -112 -39 0
88 20 83 73 0
100 -19 0
-77 -106 -110 97 0
13 45 0
123 4 -85 -44 86 0
-9 -87 129 -43 -111 -135 0
-113 135 -32 9 0
22 -47 -133 -49 0
-100 15 104 -41 -26 24 0
-12 96 33 -18 -80 0
-65 -114 76 -94 0
41 63 110 -8 0
-114 -88 -66 -93 -15 -81 0
-140 -6 0
-56 -49 -13 -84 79 -33 0
133 -29 -101 -136 0
76 131 -84 0
104 112 0
-70 9 124 72 66 0
134 81 -40 -96 69 0
32 57 -84 0
-84 64 -74 -38 0
47 116 -114 -81 -119 -39 0
108 -101 -22 0
-129 -67 -64 0
-123 116 -123 63 0
-122 2 0
-104 91 -122 0
-88 -49 121 11 0
68 -45 -39 95 -4 0
-117 -114 76 42 133 0
-139 -82 31 0
4 -129 24 127 0
-71 102 0
-123 83 -97 125 0
17 -109 -40 0
-63 82 131 -90 -40 0
15 -103 10 -104 0
-88 -70 94 0
23 -108 -126 -84 0
-94 61 0
87 -109 -132 109 -60 0
109 -98 0
-99 -105 -131 0
7 -7 0
-104 -41 7 -67 0
-81 -49 -17 -92 -48 -63 0
-42 40 -62 -133 -107 0
-104 -109 -59 0
-12 -72 -32 117 115 -40 0
-92 31 8 52 -82 35 0
134 103 68 0
15 127 35 112 -112 6 0
100 41 2 108 41 0
19 124 -21 -112 -2 0
-21 -37 -83 102 20 -19 0
-35 134 128 -34 -35 0
141 -51 120 -39 0
-100 128 134 70 -26 0
-141 111 -138 15 107 0
-128 -120 -32 -11 0
-23 -10 45 0
141 123 137 -94 -5 0
128 11 88 -35 0
-63 56 -97 15 79 0
39 79 20 138 -67 120 0
-72 135 59 126 96 0
-95 -60 -100 18 -132 0
105 122 97 -80 -51 0
-136 39 126 92 0
-122 -65 33 131 24 0
-18 -49 -106 0
135 36 -122 -6 -95 0
72 -94 -120 0
-118 -47 -95 0
118 37 -136 -132 88 0
-19 -40 -73 -89 -32 0
-6 -8 95 0
138 -63 0
43 -35 -16 133 -127 0
-12 -47 132 139 -66 -92 0
-75 13 -129 -136 0
-16 91 -66 -127 -13 0
138 -131 -131 0
17 -111 -82 125 0
110 15 -104 30 0
-105 -80 -70 81 0
133 -126 0
97 121 0
133 21 0
-94 103 -113 78 -142 0
80 118 58 124 -15 71 0
-117 3 114 91 0
-77 109 -133 0
-113 -116 -104 -82 0
77 24 -39 26 -30 0
47 96 -4 71 -99 -107 0
132 -115 0
-84 60 66 35 0
52 30 103 -97 101 95 0
21 133 0
-83 114 -30 -111 78 0
69 -3 77 -6 0
-134 58 141 0
-114 -19 32 -80 123 0
-137 -111 -120 80 90 -64 0
52 -98 1 -122 138 0
-121 -45 44 0
-104 -85 5 0
-13 -88 110 -7 0
60 2 113 72 -39 0
-64 3 84 0
19 -58 94 -7 -79 0
-91 -61 113 0
-46 -108 0
-8 119 -10 27 0
68 -124 91 -14 122 0
-114 -17 45 138 -71 0
-39 -106 112 -42 99 0
22 -99 0
-132 -12 -62 -13 91 0
-125 -115 34 -18 0
111 -22 -109 -23 64 0
68 -18 -13 -64 -32 86 0
-56 -101 71 42 -113 0
121 50 113 -98 75 -76 0
-120 -94 -78 0
121 -131 0
-134 87 0
-59 -132 -126 -73 115 -82 0
94 86 -23 129 -98 0
-13 -95 -19 -4 0
-89 -47 -98 60 38 0
-56 -122 -68 34 0
-117 -37 77 25 -114 0
-75 96 -12 -89 0
4 -97 126 -50 -49 0
127 -125 89 0
63 107 -76 -109 0
-25 -16 119 -55 0
135 -11 74 -64 0
62 -101 65 1 0
58 -124 -93 -137 -14 14 0
93 -52 -138 0
41 3 39 9 7 -49 0
-127 -93 -24 104 0
-118 130 29 -96 -117 45 0
86 -32 -132 0
-98 -114 -101 -110 -107 107 0
-104 102 133 50 0
-47 41 -75 0
44 137 -107 -97 0
-11 19 0
-97 73 -65 46 67 0
-76 -54 57 0
48 104 -108 0
-65 -8 -99 -22 2 0
53 -65 38 0
10 -53 -120 -43 0
75 11 120 -63 0
-35 -99 90 0
74 -93 17 27 126 0
44 -6 58 140 -117 0
-104 -55 -126 61 101 -72 0
-74 115 76 -92 54 0
107 -76 67 120 -76 0
-86 -127 70 105 123 0
-68 -66 0
-45 -10 35 -101 37 0
-63 -109 0
129 65 9 -37 -6 0
-134 75 -126 0
21 -130 139 120 0
95 17 -59 -85 76 0
-32 -118 108 0
-139 -109 -98 -132 0
-139 125 -78 -25 0
25 65 51 114 -55 0
-87 -122 131 0
-66 -58 106 17 0
-129 -93 83 -88 0
42 38 0
92 -69 -36 -4 98 -130 0
-101 -84 0
72 139 128 -92 119 0
94 -119 -142 0
109 41 118 1 0
32 -50 -130 -97 0
31 15 41 46 -80 0
-60 -74 37 0
-22 114 -48 0
25 45 -61 0
43 -29 85 0
-25 -11 -13 -16 0
23 -22 113 33 83 79 0
59 -137 -68 -68 0
-93 -139 -15 -120 0
-39 -119 77 109 0
-9 -114 -19 -110 0
21 100 6 -86 -73 0
94 -88 -15 58 6 0
-132 -113 134 -42 -23 -123 0
61 33 -5 112 115 0
-26 58 -57 133 92 0
-97 62 -42 -135 0
121 -96 -34 0
4 -111 139 0
-6 -8 65 141 80 0
106 14 121 -54 0
103 -104 12 59 29 0
-80 -71 -111 0
-101 45 -54 0
-3 95 73 0
137 -37 106 56 -140 -84 0
70 128 45 -59 -86 0
53 94 34 -11 67 0
-84 90 -55 -126 -6 0
136 -53 -133 -16 0
-140 82 24 0
-115 -8 141 39 -133 -86 0
-65 -45 129 -32 -48 0
-45 70 83 139 137 0
-56 122 5 33 21 0
101 -9 -65 -2 7 0
-21 101 57 89 -75 116 0
68 54 36 120 -25 0
-27 27 24 -69 0
85 -97 39 0
-55 48 -68 0
-18 -42 -89 -120 -33 0
24 19 -85 1 0
20 59 -54 0
-136 -1 -102 52 0
-27 62 101 -135 110 0
-126 21 -85 -19 63 0
126 -26 44 -14 0
-77 -80 -140 93 -90 4 0
-64 -30 101 -62 -51 0
130 -58 2 -42 0
24 4 -58 -39 0
44 -69 -8 69 27 33 0
-123 -41 -99 7 -60 0
114 121 10 20 0
-55 -20 111 -48 0
-110 -108 -60 -45 40 0
84 72 -110 132 -30 -66 0
17 -116 31 125 137 0
137 83 -58 1 124 0
-86 134 56 23 -119 0
106 -49 -113 0
80 55 0
103 110 20 57 132 0
116 118 29 136 94 0
-58 13 -135 0
-5 121 -1 48 0
17 -117 48 135 -134 -16 0
122 115 115 -130 -21 0
-31 130 0
-53 -30 24 -54 -63 -18 0
59 48 -99 6 19 -76 0
86 74 -101 -54 -67 -100 0
-142 63 44 -87 0
40 130 48 -92 0
-98 58 -25 0
116 120 -50 0
86 -91 128 0
-39 -54 126 61 -49 0
65 125 -102 -94 -69 0
-61 5 -8 -99 0
-41 50 -18 -55 0
86 -86 59 84 0
41 -29 -67 0
-54 83 43 45 80 0
-16 32 -82 -108 120 0
-113 -121 0
130 134 92 -53 0
-135 -122 0
-57 22 133 -69 37 0
-45 -108 -101 -131 136 -9 0
-30 9 82 0
54 -108 0
-130 -102 0
-52 -129 -79 0
51 -95 -34 0
-41 98 126 0
-114 103 -35 101 108 0
-16 -16 -112 0
110 115 -18 125 0
-134 83 22 -129 0
95 -109 120 0
-68 7 0
133 12 76 -69 0
-26 -35 9 0
122 -120 0
-50 27 -79 -79 113 0
19 -110 -5 -25 58 0
111 128 57 0
-20 45 -56 135 -99 -86 0
128 -13 37 0
103 -24 -58 17 -25 0
115 -44 -130 0
125 56 -91 -122 0
3 -34 5 0
5 -51 61 -117 123 -7 0
-7 -22 63 102 113 0
-128 -15 -70 56 -54 -125 0
136 -135 -89 -48 -47 0
-77 -19 -82 51 72 -99 0
44 -42 -37 0
-95 58 129 0
-5 -22 -125 0
-138 104 -73 0
-3 70 -52 3 -136 -9 0
-62 8 -97 -51 0
-68 -141 -31 6 -127 2 0
-53 -128 -138 96 0
16 -69 0
-76 120 9 50 -109 -120 0
106 136 108 -112 0
130 -16 -43 115 -105 0
82 -95 -118 0
78 -91 -68 0
-22 101 0
-78 74 28 -24 0
52 -120 79 37 -92 0
140 52 67 44 -100 0
20 -52 -136 0
106 -8 88 128 22 0
-66 -1 -73 -29 0
-121 -96 -63 0
109 -97 130 -100 0
-68 -42 83 0
135 85 0
111 -58 10 -50 -99 0
-2 28 -61 -137 0
31 19 -103 0
19 -90 0
115 -59 119 -77 21 0
-130 -5 136 91 0
-131 37 25 140 15 0
22 -54 -130 -85 0
72 -115 136 0
92 20 0
117 -85 -53 21 107 0
31 57 32 0
-125 13 14 -30 102 12 0
121 101 55 0
5 38 90 -35 8 0
-100 83 33 41 0
120 -67 77 -136 0
115 -16 -69 -11 0
-71 34 -10 141 0
40 122 118 -100 16 0
53 -102 0
87 -117 -38 89 0
-113 32 -53 -68 0
-126 74 -5 127 0
-109 95 73 118 0
-38 -72 -134 0
-40 16 0
-43 36 -108 0
34 -79 -20 46 0
-38 -119 0
52 -75 -32 138 0
130 -13 -30 0
-12 18 -78 99 13 0
80 30 -79 30 0
51 -109 -57 -32 -98 0
44 5 -112 -94 0
103 80 11 0
20 -45 -92 5 0
-60 -7 53 -27 0
-3 -19 135 0
50 -66 0
-59 -98 3 0
-118 -60 -72 0
131 -33 6 108 105 0
120 85 88 19 0
-76 135 -37 -4 -106 59 0
33 -57 -133 -14 127 34 0
-57 -36 -120 -82 0
70 -24 52 -139 -120 86 0
82 -31 -57 114 -60 0
-17 7 45 99 133 -69 0
101 104 -27 38 115 0
4 -94 0
-5 95 15 102 0
-45 -13 0
110 -141 0
-11 12 30 -56 21 0
132 -87 -49 44 -113 138 0
92 91 28 80 -130 0
87 52 83 -15 0
-43 -125 -91 87 0
-74 -58 -126 -13 -106 0
-69 -105 -12 -97 -23 0
33 82 97 -34 0
-63 43 62 85 120 0
-24 -18 127 -63 -21 0
-50 -16 -129 3 0
16 115 -20 33 0
-133 -119 88 68 -17 0
52 112 -43 55 0
-142 98 0
-65 -109 -57 9 -21 0
103 -91 0
88 64 116 113 -106 0
-11 40 0
-107 -92 105 0
-54 81 -10 0
23 -49 -112 0
140 -2 -84 0
-34 -35 94 0
-136 37 121 -139 0
35 81 -110 43 -123 -51 0
-39 126 111 -4 0
-78 -10 -110 45 2 0
81 -134 -124 105 51 0
137 -42 58 -111 0
-34 -72 14 -59 -125 0
123 118 0
-98 80 138 0
93 -46 96 113 132 104 0
-101 -5 61 -111 -125 -11 0
-97 85 -48 -73 0
-57 -72 -100 140 0
-127 5 -142 -69 18 0
-128 -7 0
-82 -43 24 84 0
126 27 0
117 103 28 -56 -77 0
69 -124 132 -104 0
80 -95 65 103 52 0
-98 139 30 0
2 46 127 114 -85 0
4 -77 111 0
19 46 136 -48 53 -142 0
-47 -129 105 -57 -24 0
56 92 -72 -38 0
-20 38 90 0
-63 102 -96 -80 0
124 34 64 -67 -22 -40 0
-135 71 105 0
-100 -78 -133 -18 0
-128 -65 67 -54 -76 0
-100 125 78 -78 0
-109 94 -65 84 -124 85 0
-53 38 60 0
-110 52 -74 0
33 -12 0
130 -77 66 50 -65 0
-27 -13 -66 104 0
-2 -107 64 74 -129 0
-46 101 -93 0
-98 -61 91 133 0
124 76 -108 0
-7 108 116 -110 0
-103 23 -121 -53 121 0
26 -12 -125 56 89 0
114 7 -94 66 0
123 -61 125 0
113 -4 130 106 0
42 -54 5 -128 -49 0
-1 130 -78 -85 -126 0
49 -132 65 133 100 -7 0
21 -129 -47 -48 -130 -73 0
-117 -88 134 -30 52 0
-28 -2 85 -7 0
-15 -54 -4 10 122 0
-5 -120 -18 18 0
-99 -137 0
47 41 95 -136 38 138 0
-138 89 0
-67 -23 -103 39 81 0
24 16 -120 0
73 -35 74 0
83 66 -6 -139 0
-123 -16 -129 -80 -70 0
-139 139 2 19 0
3 -33 -6 121 4 0
-97 -102 4 52 0
24 35 61 -1 -122 0
-24 -115 126 -73 0
-16 -108 129 -61 112 0
-8 74 -10 0
-7 -25 111 15 0
-74 122 6 82 83 -67 0
138 111 4 46 0
11 92 39 -96 -114 -19 0
4 30 -115 -72 0
42 -110 50 -109 117 0
81 107 136 29 0
-64 -36 90 -48 58 -33 0
9 95 -84 96 0
-105 133 -3 35 -126 0
63 -79 -79 141 72 0
-100 -139 34 -126 -75 104 0
-111 6 -25 -116 -71 0
65 -70 -135 20 0
32 78 42 0
22 -65 97 0
6 -34 -36 -9 51 -138 0
25 51 -122 0
88 54 -9 0