c
c start with comments
c
p cnf 317 485
138 -267 -17 -281 58 -116 0
106 96 0
-283 141 -82 0
-169 114 -153 0
81 -282 0
55 102 -114 0
-5 -253 0
242 83 0
-248 55 -113 -25 126 0
239 -158 -135 201 -145 0
-303 221 -26 0
-254 -258 134 111 0
294 257 274 -193 0
155 224 0
-194 126 281 0
274 267 -282 0
-129 287 11 7 0
189 -80 316 0
-128 242 -74 -164 -197 0
-2 135 223 207 185 0
-87 -49 0
244 201 19 -262 0
75 -95 139 -82 168 -111 0
-192 16 -296 0
-270 -121 -18 -113 205 -109 0
-38 -201 293 145 0
201 -185 0
-142 47 -141 -166 -236 -206 0
291 162 -97 -188 0
134 -273 110 94 271 0
106 298 -112 91 92 0
-241 241 154 301 200 0
-291 176 -234 52 -104 89 0
287 -184 233 141 62 0
97 -138 -193 14 0
-255 -81 0
138 -315 -303 23 187 -6 0
293 301 -128 0
305 -87 151 232 0
80 3 46 0
-139 -310 42 81 155 0
251 195 -289 284 0
12 -60 0
-131 -208 -129 -220 -292 261 0
26 31 268 0
-213 -22 -317 119 0
281 107 56 0
75 304 308 -61 -199 167 0
299 -8 -316 0
83 147 167 0
225 -72 263 255 -230 0
-86 80 187 186 0
-229 238 -50 -188 -288 0
-11 52 195 175 126 -156 0
275 -305 -184 0
150 -130 255 228 -298 -115 0
-302 97 -200 0
24 -46 -118 -67 -247 201 0
58 -125 -267 209 145 0
145 270 -144 -138 -42 0
-295 125 288 -254 0
-158 -35 0
-157 86 52 -124 0
142 45 -228 -48 252 0
249 -176 -68 107 -36 0
-281 -296 146 58 189 0
-147 203 -94 0
240 -145 -277 -25 0
-105 -293 -254 34 60 0
-110 -187 0
216 -3 25 -291 0
-293 -128 155 -109 136 0
245 59 305 215 60 0
126 54 214 113 269 0
-19 197 34 -8 0
111 33 282 0
249 -236 104 -185 249 311 0
-77 -158 -239 188 143 -228 0
186 136 258 179 -297 0
171 146 -273 0
27 48 -302 -84 0
-208 222 -251 273 -151 0
-194 44 81 230 24 0
-241 -280 0
-107 195 0
-248 -244 108 0
-127 -280 108 248 17 -11 0
-226 161 99 100 0
-168 65 -259 -317 -138 0
-51 -166 0
-244 -138 121 0
238 -23 116 136 -265 0
84 -155 0
-2 -254 86 -87 110 0
-240 -231 191 0
102 286 298 0
5 19 0
63 -173 30 -190 -301 0
297 -106 202 0
-77 306 -161 284 0
62 18 0
-167 -44 -307 0
-240 247 0
-308 -295 0
-204 -47 -92 -196 -166 0
-87 -181 24 191 53 0
-196 306 220 32 110 0
284 274 270 0
149 -253 -61 0
-286 268 156 211 103 184 0
-133 -99 161 139 -227 0
230 237 -280 179 147 0
250 -126 275 67 0
-315 129 -183 -212 -204 251 0
119 179 -138 0
70 -285 46 117 56 0
-20 -267 0
-95 120 -305 217 -114 0
-37 -133 55 -92 -176 0
5 268 -188 -258 0
269 48 90 -124 0
305 -76 0
-49 119 85 -193 165 0
-75 131 -16 0
-298 -285 -219 132 -12 0
-15 -224 -106 -127 -147 0
-195 -215 49 0
118 92 -109 -195 311 0
125 -310 -129 171 0
-125 -216 -4 -26 -159 0
280 221 273 11 263 0
298 149 42 0
264 -282 12 -172 12 -272 0
120 12 -122 -186 0
314 290 -219 109 85 0
-193 122 311 197 7 -142 0
-289 -241 -261 -12 0
-177 -25 170 -133 -298 0
-17 264 92 0
-272 114 175 0
223 -276 127 0
276 279 -86 235 97 -225 0
-220 -76 -15 45 304 0
-277 270 0
-212 -222 -31 -223 0
-251 -180 -182 175 226 0
20 48 91 -9 0
32 240 110 -61 -285 131 0
-152 239 271 95 -71 -87 0
233 -215 158 53 0
-23 -307 192 -317 88 0
-109 84 5 -250 70 0
177 268 0
-99 55 76 -295 0
206 25 -290 0
30 -180 -33 0
93 -122 2 318 -167 0
-242 176 -177 136 286 -56 0
312 249 250 -104 2 0
-94 -116 0
179 248 141 257 -14 -162 0
135 43 0
196 -194 0
-309 -201 -194 16 0
166 307 -307 232 0
-158 38 130 0
-116 -125 203 0
25 -28 140 0
233 -270 -95 -312 -296 0
-13 -25 -172 39 0
-166 -287 222 15 0
165 -25 -218 209 95 46 0
-40 -62 299 154 -68 -230 0
222 -95 -26 0
316 61 -200 0
-274 -20 -207 245 0
-300 204 170 0
129 -62 -210 239 183 0
-164 -265 -101 160 -255 -171 0
-278 285 0
-155 123 290 -96 183 0
-76 -40 0
-75 -166 314 189 240 0
175 259 302 -61 0
-124 19 299 -309 0
285 190 251 0
306 220 -121 -202 0
-42 -77 0
-149 -273 -262 249 136 0
-265 -254 0
290 113 91 0
239 92 -92 0
192 253 92 0
14 -75 170 235 45 310 0
242 166 8 -50 -197 0
142 -4 79 -116 130 0
232 -177 53 -110 237 0
-258 -287 -188 0
-228 26 294 0
4 -188 -3 238 0
-146 -203 -27 -177 -22 0
-153 268 -285 16 -118 123 0
57 -192 221 174 0
-198 -201 0
250 -135 0
78 65 228 -2 0
102 8 -262 0
127 -129 -224 0
-81 175 208 0
-92 296 111 -244 296 0
-296 -282 76 -132 -231 0
107 -253 -68 -275 -305 0
98 -132 -280 95 0
-43 62 85 82 0
86 -89 140 -287 0
-215 12 3 150 0
311 274 -266 225 0
-291 -265 35 177 303 -85 0
135 -75 138 107 -102 -313 0
223 -310 -308 -24 202 215 0
-211 -111 -316 297 -159 0
-156 180 -81 0
-170 74 -12 0
-191 283 -248 -25 0
-97 288 -171 0
294 47 -173 0
59 -12 86 -307 -234 0
-226 -216 -73 299 172 196 0
210 -212 126 -82 0
186 -91 -230 0
-70 53 -244 -121 -173 214 0
138 138 -20 -222 0
-288 244 -203 -48 236 0
154 18 0
-66 136 89 -79 196 0
-21 251 217 0
134 87 -123 0
-209 172 -249 0
302 158 156 -9 170 0
217 238 267 -247 0
-235 -309 223 282 161 0
155 111 302 -160 0
-313 -171 0
70 130 34 -218 -122 0
-41 76 146 25 -158 -151 0
-136 -289 -113 256 158 0
-173 306 -212 -186 -105 0
-193 -2 -113 -69 -251 -151 0
218 7 272 -77 -21 0
-155 -61 289 0
-108 -151 139 -8 0
72 -151 -170 0
261 149 201 -246 0
71 -288 -136 -317 111 0
287 -219 -9 -253 295 303 0
-54 -56 186 0
317 -33 -169 24 0
38 195 32 194 0
-1 92 142 -36 -129 -18 0
-99 -167 61 38 0
-45 240 112 179 -127 0
6 116 157 0
179 154 279 0
-37 -315 42 -89 -246 0
257 -91 75 192 0
175 223 48 27 -155 0
-218 -247 221 0
115 52 74 -140 292 0
208 -27 -118 -11 -309 0
-162 -300 -244 -107 -23 -229 0
-309 281 0
-35 193 -68 0
-168 -139 106 0
-7 -235 -136 219 287 1 0
-112 161 -287 0
57 -267 55 -310 -75 0
226 -315 -30 302 -231 137 0
-110 -40 217 0
-42 309 -62 0
41 -123 -168 0
221 -26 196 33 0
-277 205 275 0
-282 104 53 209 219 0
-169 -63 -52 264 0
-204 8 -198 0
-30 -261 -311 247 1 0
-117 -21 0
172 154 -248 0
-303 -140 47 -62 73 -149 0
-41 -277 55 0
-296 -152 -246 0
-32 -223 0
-318 184 -264 -60 13 -38 0
145 46 226 38 74 222 0
-232 189 144 -170 75 0
233 288 -100 -263 173 0
300 -236 11 -121 -80 0
97 -271 -306 155 13 0
103 -132 195 -40 114 0
-203 212 9 -201 0
97 -85 242 0
167 76 0
-82 -79 -207 0
-281 -292 0
230 -141 -74 -247 278 0
-170 202 197 140 -5 0
215 -3 222 0
5 311 151 24 130 0
-4 -224 -40 -129 269 0
244 -64 -101 15 209 0
-31 -145 291 -289 130 0
124 219 156 0
129 -284 224 0
264 85 -207 168 96 0
58 -213 -280 0
-94 147 52 -308 195 0
-6 171 -164 297 -48 0
-159 142 178 -7 26 0
-261 -295 -208 -195 293 0
-156 -108 20 165 81 0
-144 315 142 -83 267 -131 0
54 -2 -316 113 0
-64 266 243 178 -254 -77 0
-248 273 -3 0
102 -194 -7 216 -66 223 0
-208 -241 0
-263 37 48 268 100 0
88 244 -232 162 -195 170 0
-113 22 -22 0
281 -171 115 -132 -97 0
-197 -81 -185 0
-4 -51 -128 -19 -166 0
-272 -144 -296 0
-165 -280 60 186 -55 0
-105 234 -177 1 259 0
277 33 -172 -297 0
-197 -153 293 147 -298 0
-195 106 -151 -125 0
-165 -233 -98 -106 0
-7 84 -14 -191 198 0
-153 246 -92 -147 0
237 -192 -296 0
177 223 -172 227 13 -128 0
92 190 -154 0
29 -18 -65 0
290 315 -239 0
228 229 230 0
-238 -189 289 0
318 -300 -285 8 0
-64 -42 294 280 -66 0
80 -164 -85 124 90 0
195 -54 294 0
-84 -192 0
200 299 -171 0
258 169 -100 0
3 -99 -307 -72 0
-61 -135 -274 0
206 2 -11 0
238 194 -9 222 0
176 -28 297 179 317 0
-262 123 129 -134 -83 -131 0
-220 230 62 43 -157 0
80 -77 -296 0
-9 -143 117 0
-262 211 0
266 -127 -286 -175 0
-230 -308 0
67 -215 0
-71 -110 34 -3 -299 0
26 -92 165 0
127 179 -184 -310 168 81 0
-150 -203 -19 -193 0
-232 -23 0
9 301 -299 -2 -71 0
34 -137 202 -185 0
-299 -98 6 -230 185 0
-255 292 -22 7 0
39 202 248 -191 -138 -67 0
-300 -200 49 -45 -276 -289 0
182 -169 188 -267 -271 161 0
93 225 -220 -246 130 0
108 43 -38 -200 0
-230 -178 -86 -196 0
233 -79 258 -39 80 0
22 287 -233 -9 0
191 -298 0
-51 -72 82 -73 0
245 272 -148 0
-80 117 143 0
-294 164 161 -94 -134 0
141 -210 111 0
-270 -98 0
247 -272 207 -287 -91 71 0
-198 -214 223 0
-53 -250 103 275 138 0
-102 97 0
-5 143 -172 -289 -191 0
-155 56 96 0
-153 -283 -31 286 0
-101 212 -48 -255 0
18 309 -151 -231 -195 0
-264 164 -14 -227 45 0
-299 163 217 172 0
-305 -28 152 -263 70 0
-262 277 -115 -19 0
-71 202 205 -38 0
-312 273 -296 83 -142 0
-124 86 -2 205 0
182 170 -216 115 32 0
138 -94 145 70 0
15 -208 -79 115 0
-92 204 0
265 11 -143 -30 0
54 7 61 80 -82 0
-235 116 40 0
-50 -201 270 -250 163 0
-218 91 -94 66 76 0
-146 265 -262 50 0
296 -133 234 0
166 -165 -60 -160 144 0
107 288 0
-234 -7 -293 84 -202 0
184 -186 68 -33 -175 0
26 259 251 -121 -71 0
26 35 -203 -129 -224 0
247 -79 287 299 0
-5 -59 0
99 78 303 198 0
-242 173 79 0
-4 -5 -267 -63 0
34 245 116 0
-175 14 -100 0
-192 183 -265 -248 -44 0
-44 -101 65 223 207 48 0
183 -214 -36 -154 155 0
276 -57 115 0
259 247 256 -23 0
8 282 0
-255 -89 -213 0
-66 234 -27 95 0
-27 169 81 -120 -52 0
201 -143 290 -53 0
-125 -192 167 194 -90 0
312 315 96 0
-84 162 0
-187 -227 126 240 0
-162 74 175 0
-265 -312 -197 193 0
-135 -208 44 143 47 0
-11 -42 68 173 51 -75 0
-202 133 198 298 98 0
32 95 264 0
-252 157 -284 165 0
288 -138 -312 -301 285 146 0
233 -43 -272 0
-217 43 -188 66 0
-170 -223 133 0
228 -42 202 300 0
223 192 -289 -130 0
-71 -246 244 0
277 -39 -182 240 315 0
-50 289 -169 0
266 -182 70 -200 298 0
136 -52 -315 0
-271 -285 -92 0
-305 159 154 31 0
-111 47 -309 207 0
-53 -193 -140 -158 0
-44 -247 -29 290 0
-154 255 -200 -101 -208 -311 0
51 -226 -27 -255 -79 0
-76 -125 -13 -29 0
129 -106 -89 0
109 222 0
-286 199 -147 -126 -205 0
19 268 -123 234 77 60 0
-79 289 -222 -20 0
-283 295 -289 -16 -304 0
110 244 0
193 -55 0
-11 -155 199 179 0
-55 -153 4 -205 0
-82 -114 310 278 232 37 0
85 -197 -293 31 0
-197 -260 246 302 69 0