c
c start with comments
c
p cnf 59 129
-36 46 34 38 0
-27 -36 -51 -16 0
26 -21 0
-51 -10 51 0
26 14 20 -55 0
24 -28 -44 0
-3 4 -46 53 -47 17 0
-10 26 6 -7 -55 0
-35 -6 53 -36 -5 0
-22 29 -43 44 0
-33 44 -50 0
13 -57 54 37 0
48 -25 43 -13 9 0
53 -25 -25 27 0
20 -4 35 -25 0
49 -2 18 58 -26 -2 0
-15 -55 -42 -14 19 -14 0
44 17 49 27 0
5 22 56 -58 0
38 -9 36 0
-45 -3 49 -58 17 0
46 -41 52 -52 10 0
-40 -5 13 -18 0
-6 -10 29 0
14 31 -39 35 0
-37 -52 -51 -15 0
6 -36 -52 47 38 0
40 36 -14 0
33 -27 8 59 0
38 -49 -12 42 41 0
59 -33 51 0
-26 -34 0
-43 -29 -6 0
41 -17 0
30 -38 36 -53 11 48 0
24 9 39 43 32 0
24 -2 -18 58 35 0
-55 9 -36 0
33 -41 -22 9 17 0
34 -14 0
51 -36 -33 48 27 12 0
55 -28 -39 25 0
49 -4 -26 -29 0
16 38 -10 -18 22 0
-21 -21 -52 -11 0
-35 10 -17 23 20 6 0
19 22 56 -30 -26 0
55 -59 38 -56 0
50 -44 26 33 0
39 28 -42 0
-28 -43 20 19 0
-34 -3 -11 0
-40 -50 13 0
14 17 30 55 50 0
4 8 0
-28 -25 27 -57 16 0
-57 -31 -7 -48 28 0
12 53 7 -5 -25 -14 0
48 50 31 -5 51 -58 0
35 -50 39 -56 35 0
-38 23 -43 2 54 0
-30 -25 27 19 -35 0
16 -55 -42 -39 -10 0
-21 5 0
53 57 -44 -9 0
38 -46 52 0
-9 -24 -27 6 0
-38 11 46 -22 35 0
-16 38 53 5 0
49 15 -26 35 -33 -58 0
49 -2 6 -14 0
-31 -19 0
34 -53 42 37 0
23 40 18 -38 -43 0
21 31 50 2 -52 0
-47 -13 -24 0
33 57 37 0
20 58 29 -34 -12 0
-6 -28 -6 18 47 0
10 -29 -23 29 0
33 22 39 29 -9 0
-37 -34 30 18 -34 0
19 7 -30 -38 5 45 0
-13 25 -27 12 37 -43 0
-20 -19 24 18 -30 -8 0
-6 -12 47 0
-58 34 42 -3 44 0
-23 -58 -22 -50 0
-53 -32 13 0
20 29 25 0
29 -2 58 58 18 -56 0
27 17 37 13 11 12 0
-48 -39 -27 0
-13 4 22 0
-27 31 -1 20 -40 -54 0
18 27 -3 -31 0
8 43 19 13 -40 2 0
-45 25 -16 41 0
8 -51 -4 -21 10 46 0
-37 3 35 53 5 -19 0
9 5 -25 48 0
14 16 -41 0
-11 19 9 0
29 -7 51 0
-48 -8 -49 24 20 0
46 -20 54 0
56 -47 58 0
27 30 -52 36 -9 38 0
-54 21 -27 0
-22 21 -48 -19 -29 0
-26 -23 30 23 53 0
-49 -19 6 -20 0
55 -50 4 -30 -42 -43 0
-5 -56 44 2 23 0
-45 -51 -28 -39 0
8 29 -33 40 0
29 22 -26 -8 0
-25 36 18 -17 0
-45 52 -52 -9 0
54 16 -29 0
51 21 -43 0
-56 24 41 0
52 44 20 0
33 -55 47 0
-3 -37 26 -39 0
-35 -47 29 9 0
-53 -25 -51 17 0
-43 22 -52 -5 34 0
9 47 -58 -49 0