c
c start with comments
c
p cnf 28 164
3 13 14 0
-11 -26 17 -21 0
20 -12 0
13 -8 19 -14 28 12 0
10 9 0
-9 -13 17 7 0
-28 25 -3 -15 -3 0
-19 -21 -18 0
-25 17 -8 -16 23 -20 0
13 23 12 0
-19 26 26 0
-6 -10 24 15 26 16 0
11 -27 17 0
-14 27 7 -23 0
10 17 26 17 0
-19 4 -11 0
-24 -24 -4 -5 -20 0
3 21 -23 14 5 22 0
-11 14 16 26 0
1 5 -8 0
3 -26 26 14 0
-3 11 23 14 -2 -17 0
-11 9 -5 0
-6 17 0
-24 -12 -5 0
-12 8 2 -23 0
9 25 26 23 -28 -27 0
-19 -11 6 -8 16 0
-5 -6 8 -22 13 0
-8 -18 26 26 0
2 15 -20 6 0
15 -4 11 -20 0
10 4 -24 0
6 -15 -16 -4 0
-18 8 -12 4 0
9 25 18 0
-3 -18 23 0
12 6 -4 -27 -7 0
-9 14 3 -24 0
-21 20 -20 27 0
21 4 0
15 16 7 15 4 0
-14 13 -11 -27 0
19 2 -14 25 -21 -27 0
-14 -15 -27 -5 22 0
-26 3 20 0
21 4 -15 -19 15 0
16 4 2 21 13 0
15 -6 -24 0
-6 -8 12 -2 5 -2 0
-26 19 19 0
-26 9 -17 19 8 0
8 -19 -2 -27 -17 0
18 -19 -26 -10 4 0
-8 -3 13 0
-3 -20 25 -15 -18 0
-21 -21 28 -19 0
18 13 -1 0
13 20 -22 13 25 0
-18 7 11 7 0
-11 -15 7 27 -14 0
1 -3 9 0
21 12 10 0
-16 19 13 0
3 2 5 25 16 0
-18 26 6 -7 5 0
-9 25 -6 0
16 12 20 6 -21 0
-3 15 -20 19 -10 2 0
12 1 13 10 0
9 7 0
-2 -3 -7 -22 -10 0
-26 -16 5 13 -22 0
21 -6 14 -13 0
-2 24 0
10 12 18 0
-13 27 7 13 0
-9 -15 -20 21 12 11 0
4 -25 14 14 -2 0
14 -8 26 -2 8 0
22 6 -3 22 0
-22 7 27 0
17 9 -1 4 10 0
13 -9 -15 0
-8 19 13 -5 -12 24 0
3 -4 -10 0
14 -10 7 -18 0
26 26 0
-27 -25 11 -11 4 0
-13 21 21 16 -19 0
-19 16 -12 -17 -7 0
-10 15 -26 0
4 9 -4 4 7 15 0
4 -5 -4 0
-19 28 -19 22 -13 0
10 4 0
-9 -14 -1 24 7 -14 0
22 14 26 2 0
-13 11 -25 22 3 0
27 24 -14 -4 0
28 -17 -13 24 0
-28 -9 22 -12 -2 0
-12 20 -10 0
26 4 19 4 0
27 -21 1 -17 0
9 7 -1 -23 0
3 17 -26 0
-24 -19 11 -21 -27 15 0
-27 23 -2 9 0
-6 2 0
23 5 7 15 0
26 1 17 26 0
-7 4 -18 0
20 19 -17 -17 0
3 17 -18 0
-4 23 9 -20 -27 0
-11 -7 -10 15 -3 0
-14 20 0
-7 -4 5 0
-6 -23 1 10 -11 -6 0
-25 7 -12 0
-26 17 0
-11 -20 1 0
11 20 24 -3 0
11 -4 -10 0
13 -10 5 0
-23 25 9 -3 7 0
-19 -2 0
11 -23 17 18 -17 0
20 19 24 -15 0
25 -18 8 12 0
-28 16 -13 0
-10 24 7 -22 -20 -13 0
23 -13 -10 21 -21 0
8 21 0
-14 -17 0
-5 -23 9 -18 0
-14 26 -14 -20 0
-16 -18 4 0
2 -15 17 0
27 -21 -3 0
-25 19 21 -16 0
19 -7 18 -19 0
-27 -19 -12 -23 -2 0
5 -3 0
17 -4 9 -25 -26 -9 0
7 -16 0
-6 2 7 9 13 0
2 3 19 -18 -27 0
3 -9 -3 -15 9 0
-17 -11 -17 0
22 -11 6 0
-23 8 -4 28 0
-23 -21 15 0
6 3 9 0
-6 18 4 25 0
-5 18 24 24 0
27 11 -27 -18 15 0
22 16 0
2 18 1 22 -3 0
-22 27 7 0
17 -8 -7 -6 -5 0
-8 21 18 0
-15 7 2 -9 0