c
c start with comments
c
p cnf 49 165
23 22 0
24 -4 0
-42 -31 -12 -15 28 -43 0
-3 -4 2 48 -42 0
-20 41 34 13 1 -38 0
-19 30 0
18 -30 40 44 -8 0
41 -41 -25 -40 24 0
-31 38 0
-27 12 0
22 -41 33 -37 34 4 0
26 -6 3 -48 -35 -25 0
-29 -13 45 -34 2 0
-46 -26 0
-30 -31 0
45 24 0
33 48 17 -1 -24 14 0
17 10 0
-21 20 19 0
17 -13 -3 0
-25 -8 0
17 -18 44 10 7 0
33 -47 -21 -30 19 0
45 -5 -38 0
21 -3 42 -26 15 24 0
-37 39 3 8 -42 37 0
-30 -30 20 -26 0
-4 5 0
46 -15 14 7 -27 0
44 -20 -16 -35 0
43 30 -15 -18 -28 0
-3 -32 -14 -34 -27 -45 0
18 13 -28 47 0
-24 22 26 0
9 -15 40 42 -28 0
3 14 0
-13 -40 0
-27 10 25 32 0
21 -20 43 -43 0
19 24 38 0
-28 -39 -46 0
-6 2 -19 43 20 0
28 -6 -28 5 -26 0
-28 -48 15 0
-18 -39 -5 -14 0
-41 -38 -27 -33 0
23 19 -4 7 -22 0
1 20 0
11 -30 0
-44 -8 33 46 -20 25 0
-25 11 -11 -29 38 26 0
23 6 44 -25 28 0
-9 -37 0
-4 -4 3 -22 0
-32 -11 34 0
-13 -16 -7 0
-16 -26 40 0
-17 42 0
-38 -16 -49 29 0
18 -46 16 -30 41 0
-36 -48 26 35 10 -33 0
-4 -30 -25 7 -5 0
44 -28 11 -45 0
32 -37 -3 0
22 18 33 0
6 -12 45 0
-19 28 0
25 -41 28 0
-23 21 -2 0
-13 -36 37 33 2 0
-32 -43 28 -33 35 0
11 2 40 15 29 0
-30 34 -10 39 -39 0
-14 -30 0
-9 -2 7 0
8 20 -20 -40 39 0
27 23 0
-34 29 -30 -21 0
8 28 -6 0
29 -10 -18 4 0
-7 -22 29 0
3 -36 37 -20 0
32 5 0
16 -16 48 -23 0
-46 -19 0
18 -10 -48 30 -13 0
-37 34 0
-22 -21 36 39 0
19 4 -41 0
-45 -49 -3 7 36 0
-43 12 6 -41 35 -35 0
16 -11 13 6 -9 0
24 -14 42 -40 -39 0
41 -36 0
17 -30 -5 33 0
4 -28 -3 14 -37 -12 0
17 45 -26 0
-21 -46 0
-17 -25 -14 47 48 -37 0
27 -30 0
-26 -8 -21 -17 0
34 -13 -38 27 0
-11 -47 -15 40 0
-21 -15 30 0
-5 -31 0
21 -12 -6 0
21 28 30 -37 -27 0
-5 -37 -36 26 25 0
29 12 -21 0
22 30 38 -14 -28 2 0
12 -6 2 -21 -40 0
-27 17 46 -3 0
3 -18 0
24 38 18 0
-20 5 -36 0
-46 29 0
9 15 -30 0
14 -27 -43 -17 3 0
32 -21 11 37 -22 0
48 -14 -7 5 0
-31 27 23 22 0
35 44 15 -22 -5 0
-30 -39 -6 6 0
-47 -19 -15 25 0
2 -13 39 -20 -17 -22 0
-39 -45 -38 0
-39 4 25 0
-21 -29 12 9 34 0
-5 3 44 0
-1 -49 -26 42 0
-22 -2 -2 44 -38 0
4 43 2 34 20 0
27 -34 26 0
-2 -24 -44 -40 0
23 -8 -24 0
47 -27 -32 -13 19 7 0
-9 41 44 0
-6 -18 -41 0
15 -17 0
-15 15 35 35 -35 44 0
-26 42 0
-22 -15 13 28 0
5 -12 11 -36 0
-43 -20 -24 -33 44 -20 0
2 7 -5 0
-9 40 30 0
43 -1 -41 12 -40 12 0
-6 37 -39 22 -43 0
40 46 -3 0
-10 -15 7 -24 -40 0
17 8 -5 0
-28 48 46 -37 7 43 0
-46 19 5 -23 24 -11 0
-42 41 0
-13 19 42 0
2 5 9 -37 0
15 9 0
18 -7 -13 -12 -1 0
27 -37 -17 0
-11 -32 -7 12 -21 0
-41 -17 37 -33 -40 0
-6 48 39 28 0
-35 40 14 -28 -42 0
23 16 0
28 -8 17 0