c
c start with comments
c
p cnf 171 380
-75 122 40 0
126 -23 -105 84 0
102 157 0
150 50 59 0
-13 13 -52 -53 119 0
40 -134 0
57 28 -114 20 -58 -80 0
-150 -96 -29 0
-88 -7 -142 149 96 0
-55 -13 95 -65 0
-28 117 -68 -102 -152 -43 0
153 -152 0
164 72 0
-127 124 -4 0
-73 -51 99 85 -46 0
-27 -150 -120 54 76 -139 0
-112 -21 -81 152 0
74 -27 -7 -60 53 0
-156 19 41 3 0
-142 143 0
120 -14 -12 0
-48 23 -75 110 69 0
-97 -137 52 13 -131 0
-80 41 -8 0
19 35 83 113 0
-169 -49 -92 -32 0
-48 97 83 20 59 123 0
-104 -20 -28 -170 -43 -38 0
35 -124 -28 155 0
112 -68 78 -156 0
-18 52 139 3 0
-7 111 -32 -139 -133 0
-42 4 -152 0
110 -50 -29 -58 -81 0
-65 -75 0
-61 81 -29 0
102 161 46 0
-98 -74 0
97 -164 47 21 105 0
-161 128 11 -160 163 0
-4 -112 106 -26 0
167 11 -88 35 -124 -5 0
52 -76 122 0
119 -115 -93 0
2 -43 0
-89 -89 33 86 0
-96 -49 115 -69 32 0
36 -57 34 0
95 -61 -38 0
-42 29 -36 0
72 -159 30 15 8 0
105 6 52 0
-51 121 -118 -166 0
148 122 147 15 149 0
-123 -112 78 0
-8 -57 -133 -120 0
-127 -124 168 150 0
-41 36 -99 -153 0
-109 157 103 -70 33 0
-9 -135 0
-160 -124 137 0
127 64 18 -147 57 0
-108 59 66 0
-119 39 -96 0
-71 -55 -48 24 -107 137 0
-84 68 -96 118 -162 0
-84 -90 72 -165 -150 92 0
47 -57 128 39 0
-37 60 107 0
13 -49 -103 80 0
-109 -16 91 -162 0
-21 -111 164 0
-130 -132 -141 0
-39 -154 -106 90 93 0
-170 51 162 -26 -75 0
-125 -26 0
36 20 157 77 0
21 -120 -68 134 0
160 74 80 0
29 -109 34 -47 -125 32 0
-98 4 138 0
-28 36 -48 58 0
117 -156 0
65 165 119 150 11 0
-61 87 0
-55 -57 136 0
92 -79 -23 79 0
152 -150 90 0
-4 -65 -69 -44 0
-35 -147 149 0
113 -127 -150 -57 141 0
-141 -127 36 73 -91 9 0
-104 -14 26 0
-153 39 -109 0
-98 -73 -32 101 0
-131 106 0
76 -36 28 -41 -74 0
39 57 -133 0
-85 8 169 0
119 -42 0
-71 -81 44 -143 144 128 0
155 138 -110 0
126 -103 138 -70 -114 0
112 153 4 -125 0
-122 -70 139 0
111 -130 -152 0
70 -165 -25 0
144 32 -125 101 0
123 11 -126 -26 0
74 47 -135 138 107 0
-131 146 150 11 0
-37 171 115 0
65 -166 0
137 38 63 -154 0
-39 -106 0
-26 31 -149 -163 0
-116 13 -87 0
28 -6 134 153 -157 0
-150 139 0
149 -24 0
144 -136 98 9 0
151 -104 0
117 -130 -152 6 -80 -78 0
140 45 25 51 0
23 56 0
-84 112 72 49 29 123 0
112 -35 0
-17 -90 -155 -31 130 0
27 69 76 0
115 71 -105 0
7 82 0
-132 31 0
108 -32 103 17 -3 0
-69 -66 -164 -49 0
162 -136 0
-35 -134 126 0
-168 -7 0
128 39 3 -21 0
-168 133 -99 -93 116 0
-116 -33 23 102 29 111 0
-94 -139 94 0
-170 -80 -114 0
6 -9 140 4 -134 0
63 -116 -100 0
105 63 78 17 0
28 89 92 -6 -1 0
9 153 75 -128 0
169 -84 -86 33 0
114 126 -90 0
-42 -39 -97 0
105 -163 -141 -154 0
-132 56 116 0
-168 111 38 149 152 0
144 74 0
135 154 0
-158 -164 -95 11 0
-110 -131 45 13 127 0
47 -11 -30 0
-155 -84 0
-93 48 -78 0
41 73 43 -116 0
-33 117 0
-6 95 17 -10 0
-126 -117 0
-8 -144 47 76 84 -137 0
26 29 -119 0
85 -109 0
51 45 -113 -146 -6 0
-130 154 38 126 0
3 -89 77 117 10 0
-170 -156 30 -7 -94 -44 0
-136 -116 -92 -129 0
71 -81 -99 -102 -66 0
70 98 -105 24 150 0
-6 -151 151 -60 0
69 150 -27 37 32 86 0
11 -23 -118 0
136 106 155 -79 -3 0
-39 -50 -32 0
-10 -162 -112 103 -54 0
161 -167 -9 -130 -89 26 0
-22 170 -89 46 -113 160 0
143 -3 -132 -160 94 0
-88 -65 -58 134 0
-7 -48 -45 -30 7 -72 0
95 -90 4 14 -106 0
112 114 -133 0
-47 132 -73 89 137 0
-122 53 153 0
69 -48 -97 -152 0
13 114 64 0
-102 74 154 -52 -74 0
151 129 91 -10 0
30 32 122 -120 84 -127 0
-151 89 16 -33 0
136 147 -66 104 169 0
121 129 -85 -94 116 153 0
-100 39 -141 -88 0
-12 167 -57 -75 44 0
62 -99 84 0
-120 36 60 60 0
-22 3 54 150 -73 149 0
73 102 -118 0
-102 -127 -147 7 -74 0
-57 -167 -103 -86 0
12 -130 0
-53 147 137 0
-66 -68 -123 41 0
134 -151 -39 0
53 109 -133 -26 0
-149 -104 132 0
163 47 84 0
122 -66 -131 0
-80 -159 96 -139 26 61 0
119 -133 78 0
109 -76 -75 -117 0
162 78 -156 -159 154 0
40 -25 -120 0
57 117 161 -25 -108 -28 0
19 24 57 -35 -118 17 0
-99 -25 71 -104 0
83 151 37 76 140 0
126 24 -45 0
-75 13 0
-49 28 18 -13 34 0
-47 -118 -151 0
-10 53 40 6 -119 -149 0
-148 65 106 -52 0
73 49 -72 142 0
-10 28 -16 -13 -158 0
75 26 66 41 -18 0
-93 21 116 0
55 2 -40 148 0
142 -66 -87 0
135 -70 0
-149 68 170 -83 104 0
46 35 -59 -18 0
45 170 0
27 -163 -21 126 33 3 0
-28 62 -98 -31 -48 0
115 132 -144 -105 0
109 68 -109 158 -69 0
-46 28 -32 137 108 39 0
11 -64 0
108 -19 -11 150 -88 0
-152 8 0
7 -159 91 -169 14 0
-71 -150 152 -68 48 -124 0
-49 92 18 -131 0
68 -74 111 0
-112 -169 0
12 133 -99 10 0
126 58 39 0
-142 -127 94 -106 0
-48 40 0
7 -39 130 0
-145 23 98 -106 48 125 0
108 -114 -131 92 -5 89 0
-78 -28 138 0
-71 102 -117 0
141 59 -136 67 127 0
136 24 43 -29 35 0
77 -105 -119 -83 0
133 149 0
-58 -12 -65 -33 -130 0
160 26 0
102 -99 96 26 83 -166 0
136 138 166 0
-161 103 154 0
-31 -12 106 0
17 -100 0
103 -65 59 18 167 0
-94 -21 163 8 0
68 129 0
147 129 108 0
136 -102 167 146 164 0
-60 -171 151 -164 -149 154 0
-14 -40 86 -81 0
74 -8 145 -14 26 -57 0
157 -81 12 131 0
-135 -165 0
-88 156 112 0
13 20 -87 -104 81 -164 0
5 -115 81 101 35 0
-19 76 59 120 83 0
75 167 67 0
30 -107 -108 -147 0
92 117 163 0
-148 -134 0
-12 -155 151 0
107 118 117 -115 94 -138 0
134 110 156 -56 0
112 171 -51 57 0
162 56 84 122 -30 0
-80 125 0
70 -147 6 57 0
-90 -23 -37 23 -61 115 0
136 168 -111 0
4 169 155 23 -21 0
83 -41 36 -118 34 0
-10 -4 -136 -141 0
88 -25 -168 -7 -101 0
93 -135 -54 -126 21 -139 0
-56 92 -29 -85 87 0
-125 109 -98 0
11 -94 -67 -49 0
-122 156 161 -116 0
28 95 15 149 155 0
-22 -97 -144 -39 18 -31 0
20 57 -29 146 -103 0
-163 -26 0
-115 -121 30 0
-25 -4 101 -15 170 -44 0
-168 85 -123 0
-51 -161 63 -141 0
-93 -162 0
-36 -157 0
-161 -45 -124 -168 -63 -150 0
-170 32 0
-54 45 8 0
52 -124 -149 0
-169 -152 -109 20 -98 -35 0
89 -128 65 -168 -151 -152 0
44 -98 0
-127 -169 0
-40 95 147 -136 7 0
-86 164 113 140 0
-74 70 0
169 -84 -108 -152 -32 0
-42 -39 0
91 -91 89 8 0
-7 -155 -120 156 -118 0
120 -110 -129 -161 0
-63 -52 93 -41 -83 0
165 -69 68 29 109 0
-128 104 45 58 0
-114 108 145 -5 134 -116 0
-71 -32 86 111 -75 0
-139 -73 -76 0
-57 94 66 -109 40 0
2 135 43 67 0
170 -119 91 0
-94 118 -134 -70 -11 0
-9 71 -87 -148 26 51 0
114 -22 117 -50 0
123 29 -20 0
40 -8 107 0
106 119 0
-70 79 23 5 165 0
-59 22 41 0
59 108 -91 0
-153 -158 26 -75 31 0
2 -30 13 -65 -71 108 0
-90 71 107 0
136 156 -95 139 -118 0
101 29 -96 59 0
-55 -87 -159 -57 -143 -153 0
106 115 -156 -152 136 0
137 -33 51 100 143 -140 0
-169 -148 -100 0
15 56 -145 155 -124 0
17 -154 -133 -132 119 0
-125 -96 135 2 162 0
133 83 0
82 -30 -140 0
17 -40 -92 -37 75 0
-117 55 -136 -85 0
87 52 0
171 159 4 0
-60 -166 91 0
-87 -110 -97 91 0
57 -9 32 0
-119 -171 -121 -134 -160 0
-127 8 -155 -164 0
128 -6 61 -23 0
6 -42 -40 39 49 0
-83 98 128 16 13 0
12 153 116 153 -66 25 0
-81 104 -163 166 93 0
-139 -83 -51 0