c
c start with comments
c
p cnf 31 184
-2 30 -2 30 0
21 28 -17 -18 0
12 -22 -26 -28 -7 13 0
1 -6 -7 -5 14 0
-12 -7 -26 -18 21 22 0
-24 -8 -2 31 11 0
-9 -13 29 0
27 -14 27 0
19 15 0
-19 -22 -16 17 27 0
-14 -27 17 -6 -30 -15 0
12 -19 -21 25 0
21 -8 6 -12 0
-13 7 -29 -18 0
25 17 -15 15 0
10 -4 -12 -26 0
-3 29 -28 25 0
-4 -16 18 -13 0
-3 15 -18 -22 0
-7 4 -22 28 0
18 1 -2 -17 27 0
-5 -5 -4 0
5 17 22 -19 30 0
-9 -28 30 -18 -27 0
4 29 -13 21 -5 0
-27 4 11 12 -30 0
12 6 5 14 -8 0
-16 -13 26 0
-20 7 10 17 0
3 -8 -25 -4 19 0
-6 -14 -3 0
15 -18 -30 3 26 0
23 -10 5 -24 0
-3 4 -13 -5 -11 0
-11 -15 30 8 16 0
-2 26 0
9 31 18 -17 -26 -29 0
-3 -24 11 -13 0
-7 13 12 30 -4 0
27 18 -15 -30 -5 0
-17 -25 -29 16 22 0
-29 18 -25 -16 21 0
14 -19 -21 24 0
-25 19 1 0
-21 24 -30 0
-13 8 0
29 -6 -5 -1 0
-16 25 -8 -22 0
-24 19 -26 0
-3 21 0
12 17 -22 17 0
15 2 7 0
-25 -5 -2 -24 -17 0
-27 13 -27 -15 0
10 -28 0
13 4 1 0
30 27 -14 12 0
-12 -27 -31 20 0
1 -4 4 -16 0
9 9 -22 0
-3 -23 0
-23 3 -15 14 -29 0
-18 -15 -5 0
-11 16 -21 0
-30 -20 -6 -13 -16 0
-18 -5 0
-16 11 9 -27 0
-11 -28 -18 -19 0
-28 -16 5 6 0
15 -5 -24 -10 0
13 1 12 -19 -5 0
11 14 22 -4 -6 -11 0
13 -30 22 -23 0
4 -12 15 8 0
-7 -30 -26 30 0
16 -15 0
-25 23 0
-6 -4 -11 -13 19 0
-25 -19 16 1 7 0
5 28 -2 3 0
-22 -18 27 31 0
8 20 23 2 0
-24 -1 22 25 0
-21 16 -2 0
3 -30 -14 1 0
10 4 -23 -11 -25 0
-27 -11 23 -4 28 0
-31 -20 -22 14 -18 16 0
-7 19 0
-22 23 -6 -20 0
-21 -17 -3 0
-17 2 2 -4 17 -19 0
-25 18 29 13 29 7 0
19 5 0
-3 2 -28 -19 0
-23 -10 -21 0
-29 17 -10 -13 0
-22 12 9 30 0
-3 -6 -14 10 -9 0
10 20 -18 30 -31 0
-7 29 -8 -11 0
-16 28 11 -27 0
18 8 -23 18 4 -4 0
-13 -20 0
-3 7 -12 16 -22 14 0
-17 22 -18 8 6 0
-14 -20 17 -8 0
-19 -24 26 29 20 0
23 31 25 12 0
4 -23 31 0
-5 7 -25 -5 0
-22 9 -13 0
-2 -17 21 23 -22 0
4 24 -30 3 21 0
11 20 -30 0
-9 22 8 14 0
29 -25 12 -13 -22 13 0
20 -27 -29 24 -20 15 0
21 29 16 18 0
28 -31 -19 -25 0
29 -15 -16 23 0
4 -22 6 0
-5 3 20 -31 18 0
1 25 0
16 21 11 0
-6 -10 -22 6 17 -25 0
-9 -25 -6 30 0
-26 -5 2 5 0
-17 -3 25 -11 -20 19 0
13 -5 23 18 0
-4 8 14 -21 0
-11 -24 -12 0
28 13 -30 0
17 17 25 0
31 -4 0
29 -1 21 15 0
-3 23 -20 2 0
16 1 -4 21 -16 13 0
-16 10 20 0
-26 9 0
20 29 0
24 -28 0
3 -16 29 -3 0
-28 14 9 31 21 0
13 -23 0
-7 29 12 17 0
10 16 -21 0
-17 5 -19 0
-28 -6 20 8 21 0
7 1 -28 0
-27 -19 -4 -4 -3 0
11 24 24 0
18 -3 22 -17 0
30 -25 22 0
-13 -27 -23 9 -18 0
-19 -7 0
-8 -17 -18 -30 8 29 0
-30 13 -7 0
-21 2 -12 0
13 17 11 20 0
-21 -14 30 -23 4 6 0
-28 -13 17 -22 -23 0
2 26 11 0
11 29 -21 -13 27 0
-5 11 -17 0
20 -21 0
-9 -27 21 -18 0
14 -11 2 -3 0
-26 -30 -21 28 0
-3 -10 20 0
8 -10 28 -11 0
-3 6 29 -4 8 -23 0
15 -22 -14 -12 0
25 -22 -2 0
9 14 13 27 0
10 17 30 0
27 -26 30 5 0
11 -9 0
-26 -11 25 28 8 0
-11 20 -11 7 0
-26 -26 -18 0
-5 -9 -29 -20 29 0
-30 -25 -28 22 -28 -9 0
-24 27 10 0