c
c start with comments
c
p cnf 167 632
-120 -126 42 17 78 0
-68 68 -36 -13 0
-63 45 0
147 -131 -88 -35 159 -47 0
-144 46 -143 -100 21 0
-50 40 -112 -43 0
-82 155 97 -51 -152 -7 0
57 -66 158 111 0
68 -145 -76 103 -63 0
-51 116 98 147 140 0
-111 51 -118 0
-164 -100 29 80 -137 0
82 -80 68 0
-7 -74 -125 125 -159 -148 0
39 73 -52 0
138 -97 0
-71 -3 22 29 0
102 12 -50 0
50 -87 -136 78 0
-106 -56 -156 77 164 0
-40 112 -74 -73 0
-58 -95 0
73 118 0
152 154 -8 -114 0
29 135 16 -18 0
-16 26 -133 0
4 -25 17 152 -68 65 0
19 80 113 19 0
130 13 -166 0
-145 15 -31 -82 111 0
-126 62 64 111 -36 -153 0
27 -21 0
73 -140 40 117 120 -11 0
144 -68 -48 75 0
20 75 88 -41 0
165 70 43 -165 0
-54 65 0
6 -96 0
9 99 -69 118 -28 68 0
-26 -151 38 0
13 -2 -101 148 0
150 30 0
63 41 136 139 115 166 0
51 -164 0
-13 -10 -81 144 0
-83 -113 101 -139 0
47 25 -37 0
-133 -131 84 0
136 14 0
9 68 67 31 0
97 10 -117 -66 32 161 0
139 -19 -81 55 58 0
61 140 0
22 -73 0
49 -39 -130 -100 0
108 -156 -12 0
-118 -51 -153 164 0
-83 -55 -21 152 134 114 0
2 -136 -51 0
-111 -141 0
62 -164 -115 80 119 84 0
-2 -54 -97 -84 0
98 -37 10 0
-161 89 0
-51 -27 -72 79 0
-37 -56 -55 0
93 -89 29 0
-126 115 37 -70 123 0
-43 -91 148 152 0
112 -46 -12 -150 80 -115 0
98 -134 131 66 0
115 -112 -112 0
23 109 -52 150 0
124 -47 81 105 -22 0
-53 98 88 -26 36 0
-124 -23 -102 -11 44 0
-149 51 1 -154 158 0
78 -147 85 0
-47 2 -36 135 -106 0
86 -96 37 0
86 -65 -54 6 -139 -138 0
-97 127 -56 -108 0
-28 105 -108 7 5 0
93 40 -159 -78 0
-109 -69 -162 102 0
135 -91 0
5 33 0
-32 -126 156 0
-49 132 -95 -34 -94 -110 0
-42 66 -51 0
112 -161 -158 138 0
-140 -80 -89 127 6 0
11 150 0
106 -108 11 91 0
84 136 90 -127 0
16 -86 55 -36 -64 0
-137 22 -144 0
5 -27 -146 0
-33 -70 0
-63 22 -103 149 0
-138 -120 103 51 0
-99 114 -59 -160 81 0
-28 127 156 30 0
30 -26 -96 -118 0
-105 -140 149 118 -150 0
11 105 -163 -10 -84 -10 0
-60 34 27 -163 0
-47 51 69 33 0
-67 121 0
-148 61 68 0
4 48 76 0
-24 128 55 -151 -114 0
-58 123 47 0
-22 134 94 0
96 -95 0
-155 133 98 -86 67 0
163 -44 -27 0
32 156 -51 0
126 89 154 0
161 41 0
-55 -124 44 0
-11 -113 -136 -106 47 -136 0
154 -154 -10 -64 -86 0
-100 158 110 -13 -4 144 0
109 4 -2 -5 49 0
111 -91 89 0
-15 -112 74 130 9 0
165 73 -132 -7 14 0
-73 -101 28 7 0
-34 -30 -39 -19 -145 0
-128 -91 -131 -122 39 0
130 -125 110 -166 36 -4 0
-20 -138 0
-4 109 0
-120 -102 93 -130 0
-32 -71 110 -87 -77 0
20 71 -83 -29 0
3 122 -97 -71 126 -142 0
-17 22 -62 -33 0
-56 -69 -159 -103 0
11 -38 -20 0
136 150 10 140 21 0
-18 -166 110 80 21 -73 0
83 166 -125 0
-119 17 -56 160 123 0
-164 -73 159 0
-41 -75 142 -70 -44 0
-157 -101 153 0
-7 126 0
86 -38 -53 -149 0
-63 -157 98 18 0
-12 109 82 -167 -93 0
-67 -156 -70 -113 88 0
-29 -97 -80 -93 0
7 -19 144 0
114 115 158 50 -67 0
-129 -138 104 -82 0
41 108 51 -66 0
-56 154 0
66 -130 -46 -155 0
-51 -103 47 125 0
-69 153 151 137 0
-31 -25 -30 -123 -125 -30 0
108 -2 102 -152 140 0
-120 119 -140 -106 0
72 -159 -54 -58 0
141 -114 0
10 57 140 -36 0
-145 166 -102 -121 0
-142 -124 157 0
-86 -44 -85 67 0
152 -31 69 -150 40 -28 0
38 -80 -21 -10 0
73 -110 88 0
-143 -49 71 4 -83 0
48 143 151 -104 -112 29 0
-46 104 74 57 0
-126 -32 0
94 -2 151 -97 78 -24 0
144 35 -141 68 0
-41 12 -161 12 -24 0
11 40 -108 -139 0
71 101 65 0
-62 -11 141 0
93 -79 -145 0
-51 -30 0
21 109 94 -108 38 41 0
152 -99 -67 150 -77 5 0
-44 -21 71 -16 25 0
40 -157 160 -10 0
-29 -139 66 39 132 0
141 -60 86 -134 127 0
17 -3 9 69 117 0
-122 -112 -48 17 0
82 -8 -122 0
59 -110 94 -115 0
-150 163 -136 -77 0
74 59 147 -125 83 115 0
128 -38 -51 -39 -17 0
110 -99 5 -93 -92 0
-2 -133 -24 146 0
-60 64 -124 -158 129 -131 0
-102 -150 124 108 149 0
144 145 2 -32 154 0
72 144 20 57 28 0
108 -16 0
-7 62 48 -14 0
61 128 0
9 135 -46 57 89 146 0
157 73 -134 -162 -60 0
111 122 -30 0
132 -63 -25 -35 138 52 0
-83 -93 101 99 -9 124 0
56 -147 -165 -42 0
-109 -72 -7 0
61 -116 -62 69 -50 -148 0
143 167 0
40 134 -143 77 0
5 -20 36 0
126 -42 -24 -103 0
139 130 81 124 0
135 127 -160 -39 -2 0
152 23 163 0
-164 2 0
130 -40 108 148 150 0
45 85 102 -156 0
148 -117 43 0
85 105 45 0
-19 33 -63 -117 -47 0
-21 -150 5 0
-165 -152 -118 0
-91 -89 103 0
162 -12 -35 20 61 15 0
66 146 63 0
-161 47 83 -99 83 0
-35 148 -25 90 132 0
-123 81 -144 -78 0
-21 -29 -100 0
109 26 -16 82 0
15 37 -41 0
-8 -126 81 51 126 0
11 114 0
22 -63 116 0
-101 158 14 -73 39 0
-51 21 -147 -136 0
-34 157 -115 124 0
-138 -6 -19 -84 -83 0
151 18 -152 -125 -105 0
121 79 162 0
-110 138 -155 0
-27 8 -114 0
165 109 -51 74 -101 0
83 118 -132 0
-20 -18 -21 -156 16 0
-123 -133 -3 0
111 162 22 -33 -80 -25 0
-136 28 -123 0
-83 70 -88 -123 0
-146 34 -146 -38 44 -57 0
-58 -7 -42 0
-139 -109 101 0
-115 12 -56 143 0
151 -18 -108 -87 44 0
129 117 12 55 41 -133 0
-12 36 -47 60 13 99 0
-66 135 -39 70 0
-157 -150 0
74 135 -85 -123 0
-26 -102 -38 0
53 -136 -50 0
-47 -2 -145 -44 -108 0
125 -142 -3 0
118 -55 130 -25 -102 0
-78 31 -140 -114 -95 0
57 90 -133 -3 12 -32 0
-44 132 -35 117 0
61 -54 -154 0
19 -46 103 18 0
120 -17 0
-140 148 -157 -102 -29 0
-50 -17 11 93 -156 -157 0
-132 42 47 -158 -122 0
104 -18 47 0
58 -47 -21 -95 -34 0
123 -166 -148 0
-73 86 -161 0
75 -35 0
-159 -42 -104 47 -119 22 0
-35 -55 -163 0
91 62 -104 -13 42 0
11 -73 -47 0
146 -77 -53 0
-125 102 -54 3 -22 0
-9 -79 -54 -81 5 0
93 -143 -39 -31 0
113 35 72 17 0
-140 -40 -39 14 0
72 -129 52 0
159 -89 -153 -89 0
59 -160 -25 -45 122 0
-158 108 79 129 -104 0
55 5 0
2 -133 78 0
-92 17 -28 0
-124 -39 84 0
-114 90 118 19 0
52 59 98 105 -53 0
131 -108 105 -109 152 -146 0
-71 115 -80 -9 1 0
137 112 -17 160 0
108 -31 -59 55 -31 0
-51 147 -18 139 0
-99 -37 -58 -97 42 88 0
131 120 0
110 -151 -19 -2 -70 -40 0
-61 -68 5 0
3 -136 72 81 6 0
51 -138 -145 -113 0
-43 134 0
-54 76 -153 101 0
145 -4 10 -32 -90 0
-30 45 -9 0
-31 98 -110 -5 -72 0
114 -97 -20 0
-28 -104 -62 -119 -122 0
120 -13 27 42 -15 0
-99 159 79 129 0
80 97 150 0
-128 -136 -22 0
-40 -36 -88 0
-146 -99 -160 64 -158 0
33 -105 -109 0
-124 -101 50 0
-31 -58 59 18 99 0
-53 87 -123 -144 0
-17 122 122 0
-122 -72 148 -48 -116 0
-17 -33 -167 0
91 45 -133 126 105 0
156 -53 -128 0
-111 -160 1 68 82 0
-128 75 0
5 47 133 -14 118 0
121 106 -52 -154 0
-2 105 130 47 125 0
-155 120 -135 0
-31 -95 29 0
99 -55 26 -106 0
77 30 0
48 8 0
-122 136 -7 139 0
-161 -35 0
152 -100 0
-73 121 80 92 93 0
24 43 111 -64 0
142 -158 -102 -131 0
-166 -128 -74 0
-105 91 -11 53 -120 15 0
-137 68 50 72 -100 0
-107 49 57 167 -77 0
93 -155 -145 0
87 -114 31 0
110 -55 -45 69 0
16 -46 160 133 0
97 -113 34 97 -27 0
-122 85 115 117 0
-103 -29 -87 0
-145 -47 0
105 -23 -127 -129 -41 0
116 148 101 0
9 94 126 39 100 0
-40 61 -4 -155 -119 0
-90 114 35 76 0
24 -163 120 164 -18 0
74 85 104 -129 -101 0
-160 -148 -44 124 -55 0
-160 -7 0
-142 -143 -115 83 0
-93 99 0
-109 -61 -142 -30 -71 0
-155 -132 -159 130 0
76 -146 0
-18 -59 39 100 0
40 165 156 152 105 0
167 2 -9 0
-102 -133 0
29 41 -95 45 -113 74 0
-99 -134 -12 -135 -14 0
81 152 -2 -153 0
-81 34 129 2 -23 0
-153 88 -105 123 31 0
137 -114 0
39 -6 156 -101 -79 0
102 16 -154 138 0
-3 98 73 164 -147 0
-75 -119 7 75 0
21 52 0
77 -66 71 0
135 -107 71 -151 -98 0
36 27 -131 83 65 0
4 138 -75 -152 0
-94 46 24 -156 0
151 -151 -151 -111 -92 0
60 -106 -94 -2 0
-126 131 -69 -146 70 0
-143 -47 157 -109 0
129 73 142 -56 58 -136 0
9 -47 98 0
-147 164 31 110 0
-74 47 0
4 -113 0
-140 -76 107 -52 -25 0
146 -121 143 118 0
29 -55 79 -109 0
-44 77 48 -20 -148 40 0
-132 -54 88 -104 -94 0
-164 120 -101 61 0
-133 -13 0
91 128 132 147 -27 0
82 -167 -141 0
-113 133 -137 -21 18 -141 0
65 -20 7 -137 0
77 -107 -120 -30 -136 0
87 -129 -43 -42 -80 0
-107 -99 0
-38 -64 135 -119 91 0
-35 153 -130 159 0
9 123 -123 0
-77 156 -106 100 0
-33 81 8 8 63 0
82 -160 -165 0
-93 -73 96 119 0
-35 80 80 0
96 -37 -39 -58 155 0
-131 100 -116 163 85 -11 0
-74 51 -97 -109 0
137 -156 0
18 67 0
-88 160 0
-64 -142 75 0
115 112 -97 149 -144 0
-49 -28 0
-118 64 81 -150 -43 0
-40 146 16 62 128 144 0
-35 -59 -54 -82 -44 0
-131 -64 -79 -150 0
117 -122 0
-149 151 36 -109 0
137 42 0
17 129 6 34 6 0
87 37 149 0
39 32 -63 0
153 51 0
-148 38 118 0
96 -167 -70 0
126 79 118 137 0
-86 -117 -60 -107 0
-46 -78 87 -16 0
-25 10 130 111 49 0
-147 -4 0
14 -58 126 60 0
138 20 -148 0
-88 132 -127 0
11 -47 0
-5 -115 101 -131 55 158 0
84 103 0
-53 -78 150 -151 71 0
71 -34 -30 0
139 34 18 6 0
125 -79 -152 -167 111 165 0
-143 -143 105 131 0
-13 -13 0
73 -48 42 0
-102 140 78 123 -50 0
13 49 0
-134 28 60 0
146 -103 -140 -85 0
-150 62 -139 88 19 0
140 20 7 0
-109 -104 122 145 23 0
-23 141 -129 -139 166 -139 0
-96 157 158 102 0
153 113 -25 0
19 89 -130 -152 23 0
-73 51 16 19 -4 0
-124 56 -113 0
31 -89 -76 122 -54 0
-147 -10 -51 102 -54 0
32 -92 -57 -81 7 0
137 63 0
166 -35 -161 0
119 -93 -53 43 -127 25 0
30 -18 -10 -98 0
77 -75 50 -95 53 0
-152 -155 146 130 -91 0
-141 151 -101 0
127 125 143 0
28 95 166 59 0
99 156 -55 18 72 0
140 47 -84 144 -2 0
-44 -94 24 -23 0
-140 -131 0
-75 -51 -17 56 0
67 2 18 0
-10 -87 -112 0
29 -103 -29 -65 0
12 33 21 66 -17 0
-110 144 -77 89 -77 7 0
68 -142 -116 80 149 0
-150 -33 -4 -113 -146 -111 0
130 19 166 110 -117 0
-18 -132 164 -116 -90 0
20 141 -137 127 0
86 -130 100 93 50 57 0
-60 55 0
-148 -144 82 34 -40 0
-88 -122 -93 0
-56 -13 -12 159 0
-79 133 -108 28 0
-52 152 -106 0
-68 110 23 126 0
-53 68 0
43 -33 0
101 160 -89 0
-130 93 0
139 -19 -29 88 -73 150 0
-130 27 115 45 -155 0
-52 129 158 -43 0
-143 140 -79 0
111 -38 152 0
-52 45 113 0
17 -143 97 101 75 0
-133 -76 -142 33 0
-139 43 0
62 -139 0
121 -43 109 0
157 17 -79 140 0
73 144 -31 -18 131 0
108 51 -81 -6 146 0
91 67 23 62 -50 0
-60 42 39 70 0
-94 55 -82 54 -43 0
70 -64 -10 -19 -136 11 0
-39 -67 -151 0
165 152 -80 144 148 -103 0
-14 118 -31 0
-111 146 2 -70 28 -26 0
50 71 119 -52 -149 0
31 -71 0
53 164 89 -117 -117 0
-152 70 97 -131 85 0
-107 -106 0
-3 -67 -74 -58 -164 0
146 117 -41 -50 102 -128 0
7 -42 -34 -25 -148 0
111 91 -56 -8 0
104 133 -89 -1 -18 -152 0
-139 -32 166 -24 0
27 68 153 107 0
139 63 134 30 0
-97 -28 -70 0
114 -154 -27 -152 -96 153 0
148 -98 103 -100 0
30 -4 88 -99 68 0
16 157 52 0
-57 -97 77 157 0
27 144 78 -7 22 103 0
-2 2 -55 97 103 0
105 70 -81 39 0
80 -138 -142 0
-28 -74 -95 -151 -26 0
110 153 0
41 17 -64 -128 8 0
-136 -20 116 58 46 0
-119 -139 -136 0
73 98 77 163 0
45 -37 23 0
-115 84 166 0
7 -55 113 -124 0
58 -71 101 24 0
-40 -137 -99 -21 0
54 66 -28 -149 -42 28 0
93 148 20 106 95 -41 0
-92 12 -16 -48 0
32 151 154 42 0
46 151 -49 25 -7 0
18 93 161 0
-92 21 20 120 0
-20 132 0
149 -120 86 113 -60 105 0
-16 79 88 0
33 134 -20 -60 0
-19 -117 150 0
-127 116 -122 -118 -11 0
-53 2 -46 -103 0
-124 162 124 -148 0
112 -78 55 0
-158 -15 161 0
-38 67 0
-8 102 -91 60 -73 0
-123 -129 -152 -165 0
-30 155 -106 0
114 -11 0
98 147 0
15 -43 125 0
-34 -93 7 -36 0
32 -144 -80 -126 0
99 -138 158 0
-134 40 -19 24 -86 0
70 151 -44 -91 -159 0
-12 3 21 -4 -163 0
-28 -70 29 0
-133 138 146 83 166 0
75 -39 -76 -41 -94 0
56 138 -106 -17 0
148 -127 121 13 0
70 14 85 133 -98 0
160 -49 -80 0
84 -133 151 11 31 0
129 12 110 0
146 -48 1 148 29 -137 0
-25 126 41 -8 -110 0
166 125 36 -36 149 0
-161 -141 -20 0
-137 3 -74 0
69 138 -101 -143 -28 -45 0
130 -99 45 90 41 0
-27 -20 74 -96 0
-153 -16 0
37 1 37 -66 0
-116 94 0
159 -70 20 134 29 0