c
c start with comments
c
p cnf 195 575
20 -32 -70 86 -111 0
-30 165 0
112 -163 -86 144 15 -24 0
79 -142 0
143 -51 175 0
55 -60 7 -48 -107 0
81 6 -156 143 0
129 72 -167 179 -163 0
-17 -113 93 0
-16 81 184 118 0
-109 135 120 27 0
54 -87 105 169 158 0
-72 -54 -96 19 0
-174 -9 -7 1 -164 127 0
-156 -126 38 192 188 0
179 -102 -17 0
-46 -169 0
-102 172 76 18 109 0
-185 -161 0
164 -171 -15 -65 -101 -90 0
76 -178 157 156 -6 96 0
-109 -154 -56 114 90 48 0
-85 26 195 55 0
123 23 -190 0
-17 -116 166 -68 0
187 -77 -58 127 185 0
124 140 -143 -168 -50 0
17 -167 -101 -55 152 0
-35 -87 -19 106 -124 0
-69 -148 110 -147 0
-82 -32 0
149 -170 -8 -189 0
-116 -141 -173 0
103 -145 -29 187 0
112 155 -17 0
-164 -41 -189 1 -73 0
-36 -66 -119 -107 0
-192 -109 -89 72 32 0
39 57 -12 0
-111 -157 16 42 38 0
50 -126 129 0
4 53 -8 0
6 -85 140 32 155 0
29 88 78 -3 0
106 169 157 188 0
-13 -123 -32 0
-26 -119 -191 0
54 108 0
-87 -24 -110 -17 -85 -49 0
-79 -53 -186 0
-19 182 -49 138 -152 69 0
168 192 -171 0
-172 -154 133 80 24 0
-153 5 -107 -90 98 -170 0
152 6 187 -22 186 0
142 -87 133 -162 0
-92 95 57 26 0
105 -12 -85 -188 -187 0
43 -62 -150 0
113 -119 -60 109 -125 0
137 -105 0
-38 34 55 0
152 54 34 -168 37 82 0
182 138 -115 163 0
46 53 155 -95 -155 0
112 -94 -60 89 -137 -157 0
50 -64 -111 -163 61 0
94 126 -39 -176 -21 0
-170 -188 -186 23 182 142 0
-71 -36 -77 -191 -114 0
88 -79 175 127 24 -185 0
94 -177 -192 186 138 0
-59 77 0
-61 -22 -105 20 -101 0
139 125 -168 -64 189 0
-87 93 -192 0
169 138 -100 -128 -181 0
-38 18 0
-181 -31 192 83 -98 -138 0
174 -71 -182 0
-101 -73 -115 0
-33 169 0
-89 7 -140 -67 -195 -66 0
20 -103 -99 88 50 -126 0
-174 -187 123 -95 0
102 -163 60 -30 0
-3 4 189 -109 0
142 -181 91 125 -78 0
25 4 -24 143 0
83 1 107 171 139 0
171 -138 84 -61 0
129 -8 0
111 11 156 -161 0
-55 127 0
116 -181 96 -68 104 0
-144 135 127 -137 42 -123 0
-5 -24 55 0
-129 95 -160 -17 -108 0
135 76 -6 -126 -25 0
-147 17 99 -99 149 0
81 -64 -162 -20 116 0
45 -129 93 127 0
-25 -20 -96 0
113 85 0
100 -91 -69 -194 0
176 -176 -145 0
162 30 -50 0
-64 158 -76 0
-188 194 160 86 0
-47 129 -104 100 38 0
150 175 0
89 22 -82 0
48 -137 -182 52 0
-22 74 189 54 194 -144 0
-172 -124 0
138 -85 -178 -67 -132 0
63 154 112 178 0
-169 -95 0
160 161 0
-161 43 -162 171 -103 0
181 -28 87 0
-166 75 190 0
-101 -161 0
-47 158 -174 93 -103 0
31 -158 0
-107 -63 124 0
84 -188 98 170 -93 -146 0
10 44 0
160 -20 0
-109 -148 -141 124 -180 -96 0
150 150 -62 -71 177 0
143 56 69 44 0
-32 -63 0
19 -82 -186 -81 -119 0
179 -54 93 193 11 0
84 16 86 -90 0
-142 64 194 0
-185 195 155 -18 37 0
-10 -12 0
118 77 -81 -116 0
-119 -152 7 -119 0
9 126 146 -4 186 0
142 -130 146 128 0
23 62 -172 -37 51 17 0
-74 -129 60 0
54 150 -80 -100 0
-75 -169 87 51 0
-38 86 19 -94 0
102 180 0
29 -128 0
64 -138 -116 118 71 0
-49 17 -47 -108 0
48 -183 0
22 -190 -48 119 0
-30 -75 142 -51 38 0
-73 192 68 0
86 133 56 42 0
-10 -195 -32 96 0
-48 144 -103 0
-179 57 -108 -3 0
90 -185 140 190 177 0
-72 -110 -8 -116 145 -116 0
53 109 -117 0
53 192 78 -178 0
77 67 -91 181 -70 0
11 -4 27 -142 0
-16 -186 20 176 0
-102 143 -145 0
-82 -44 -71 -168 163 -136 0
-72 123 148 -143 0
-23 2 23 7 0
-12 100 61 0
15 76 162 0
-106 142 -66 0
-98 -33 134 20 0
15 52 15 -166 -159 -63 0
125 -170 -70 73 23 0
167 43 -90 159 -88 -88 0
-132 134 -182 0
-180 -96 -93 97 0
-8 10 0
-48 -50 109 -67 -115 79 0
-3 -117 -157 -14 -2 0
-8 -96 -105 -53 180 0
86 152 59 161 -8 0
-73 185 -93 -37 193 38 0
50 34 -12 -85 0
4 185 0
190 -4 158 0
-43 -10 189 3 -57 0
106 110 125 -51 20 0
-188 77 47 113 -106 0
-75 111 -70 0
-8 -79 -9 -123 -52 142 0
-111 -151 -44 5 0
59 -152 108 -27 0
-176 -62 -123 0
41 -186 -62 -8 0
-12 121 96 -89 -115 0
64 -158 -123 0
150 -105 186 0
84 -177 0
-112 -131 -26 0
118 -82 -45 -184 -109 0
-130 179 180 0
77 -114 -180 135 0
-16 -191 -31 53 0
98 -142 10 129 155 -173 0
-83 128 -192 0
161 -44 -128 -181 0
24 -55 -113 -41 174 158 0
150 169 -195 0
-151 -158 0
109 179 0
-8 87 27 69 0
-90 -25 89 0
34 168 0
-194 42 101 0
178 -87 181 59 -33 0
-119 189 -47 -183 0
72 138 0
-16 59 -100 67 -121 -10 0
84 -50 0
162 -12 132 25 -1 106 0
-150 144 0
62 153 187 -163 128 -56 0
-137 -75 -38 91 0
189 -187 66 0
160 -90 107 0
21 61 0
104 160 0
-5 166 -51 -85 0
-83 75 -16 194 64 0
65 -6 52 -60 41 0
-104 -188 45 -104 178 -31 0
20 163 -11 -44 -94 0
-34 117 -194 107 0
167 -153 -31 -135 0
-42 -81 -99 0
-69 -25 -176 -127 -25 0
5 -140 -180 -180 -12 12 0
-60 -188 123 0
31 114 0
83 82 -32 30 0
22 -16 -159 14 115 0
79 -32 183 101 29 0
19 -100 -168 4 0
-94 -24 113 58 192 0
69 172 151 -34 0
129 -189 -132 -192 -105 0
56 141 189 116 0
-169 -147 -33 32 0
-74 10 6 -175 181 133 0
-28 -87 85 56 -43 0
-158 179 44 6 0
122 78 31 0
-49 -106 52 163 -186 0
-135 137 57 104 -176 0
-14 76 -22 52 49 0
165 -71 -130 138 -156 0
116 15 3 52 74 0
-82 125 91 0
191 -39 -184 -107 0
-50 57 99 -176 -17 0
161 146 -112 -153 54 0
116 -47 -42 163 0
168 -182 158 0
125 155 192 -187 176 0
-130 193 150 -185 162 0
43 109 -100 -28 -192 0
-188 80 -121 42 0
-89 99 124 0
-24 -155 -133 -186 -46 -62 0
-43 88 61 -99 -176 109 0
-8 -165 71 0
93 -66 164 -109 177 0
-47 89 0
12 19 81 63 0
18 -168 120 0
55 129 0
-157 111 56 60 0
66 -32 104 -149 70 -69 0
37 -35 105 0
-155 106 43 -62 0
-59 152 88 -195 -85 74 0
24 71 157 0
193 -73 125 -110 0
-127 176 28 -166 0
73 157 0
129 -88 121 102 0
165 164 -19 0
-91 -188 -68 -98 66 -10 0
130 -36 -157 184 0
-45 -93 -95 -43 -178 119 0
123 116 -111 0
-85 170 111 54 -142 0
-151 -67 0
89 80 24 0
-153 -149 -7 -73 10 0
-110 151 -39 0
-135 28 -103 -77 0
189 -34 105 -21 -60 -70 0
-16 -114 63 -106 0
-39 -126 -41 -191 -19 -102 0
-32 -170 -95 74 0
-37 124 -7 149 0
29 -178 178 0
-149 8 54 106 0
-64 96 98 0
-180 -162 -95 166 0
-175 21 0
193 48 185 -79 56 0
-39 140 -150 113 125 0
16 -66 0
-48 116 56 0
37 5 123 0
-53 90 0
-168 126 -62 0
55 -185 114 0
77 -134 -132 87 -53 172 0
-147 8 -160 111 -16 70 0
-73 -159 -22 195 0
-191 82 115 -147 -168 0
-34 39 164 171 0
188 -90 64 -158 0
22 49 -127 -106 0
165 -93 0
-28 -86 -12 191 0
5 77 -123 0
-137 98 10 187 -88 -96 0
-79 -73 53 -42 -157 87 0
-115 124 0
114 164 -71 0
-89 -160 -182 168 187 -172 0
-46 -134 22 -192 0
22 -65 -73 0
-113 39 -46 95 56 0
-116 158 77 -156 134 0
64 41 -159 78 122 0
-145 -66 0
114 101 167 57 -52 0
-24 -123 0
95 100 -172 0
-176 -192 118 81 122 0
-134 -4 93 0
83 39 137 0
-6 -178 37 -24 151 0
-195 -30 30 6 0
-63 94 7 0
157 118 -18 50 -71 0
-25 -190 177 0
-145 -111 185 -44 126 32 0
-42 177 69 0
151 -5 -99 -40 -87 0
67 -14 0
-34 -2 -150 0
-148 161 33 85 176 -173 0
-122 33 10 0
179 -30 71 -167 0
35 -84 0
88 66 -28 -171 156 0
-36 -152 -111 -55 -68 0
11 -10 139 181 118 0
114 168 -7 35 -4 0
35 4 122 0
-41 181 -147 138 0
87 -118 0
-187 146 -62 0
-50 190 69 0
160 84 152 121 -183 183 0
46 123 -93 0
-76 51 0
51 -138 -175 -45 16 116 0
63 132 158 155 0
34 -50 -69 -66 0
5 70 -129 0
-81 -167 -111 4 -122 168 0
110 119 -86 -33 -152 34 0
116 -112 186 -12 -77 0
-12 -131 -151 -90 192 0
175 56 31 0
183 76 -107 -183 141 0
-16 -122 -45 -166 0
-91 -8 187 166 -67 0
-32 -131 19 0
-125 48 -134 174 0
14 10 -125 90 18 0
6 -13 66 18 -71 68 0
89 161 -62 130 -2 0
100 -159 18 -96 0
52 -150 176 146 -175 0
-33 21 -191 -109 0
-69 55 0
155 172 55 0
89 -193 82 0
150 -189 186 175 0
-88 -138 -177 125 0
79 -74 60 -45 0
-75 168 -14 0
194 56 29 0
-30 121 -189 106 -82 0
-148 193 -166 0
-10 -69 -178 106 0
183 166 108 133 0
79 -64 98 0
-133 -90 170 131 143 0
-22 66 154 -135 102 0
119 -17 0
51 13 -152 0
-149 -142 191 -61 54 0
-70 -183 35 -115 0
-35 90 0
-46 54 -37 -44 0
-150 137 -94 69 0
-102 -182 -112 37 165 0
76 47 -155 184 0
-150 187 4 47 0
-31 157 145 0
-187 -169 0
144 185 78 -106 167 0
111 -108 61 0
-184 -83 -22 0
190 -74 0
50 133 -172 0
-31 167 0
126 96 94 104 -24 0
109 -116 -87 92 174 -58 0
157 166 7 -18 -93 0
-158 148 -91 0
-104 -5 -83 -129 -80 -183 0
-164 194 -18 -22 60 0
126 57 38 184 0
93 -71 97 -18 181 70 0
36 -164 -147 40 70 0
-173 169 -82 0
-189 -139 -130 -63 -25 0
-103 -95 -78 -124 -184 0
56 -8 -26 129 -128 47 0
126 46 0
126 -156 -140 0
182 -82 -162 175 0
-102 -43 -168 0
73 -128 -7 6 33 0
-163 165 57 -157 -115 0
-117 109 0
-36 -92 35 128 -19 0
85 -78 -157 0
167 -10 -89 27 -190 0
171 96 0
70 87 81 0
81 -165 126 -140 166 63 0
-164 -37 -20 -128 0
-34 -97 -4 113 0
-174 -72 192 -87 0
-137 152 11 0
108 -2 0
123 54 -115 -136 13 -60 0
-3 65 153 0
-23 -187 -21 -189 0
162 -71 6 0
-129 -48 98 -173 0
91 -3 125 103 23 0
171 -5 152 -74 150 140 0
24 -155 -170 59 0
155 68 -123 -58 121 160 0
113 -131 89 0
-163 142 0
-31 113 0
148 22 183 76 49 0
61 -126 -79 106 -69 0
132 -128 -78 -145 0
101 173 113 -56 -70 -64 0
-191 -64 42 0
-165 52 188 -51 0
-123 124 164 28 0
-187 -150 139 162 -149 0
82 69 -51 -161 0
-49 -156 10 -23 186 -79 0
-105 1 0
70 -43 89 0
63 -55 132 89 0
32 83 0
37 -167 0
-174 -53 82 0
162 -22 -47 -5 -9 0
-86 -167 -77 132 0
-137 171 -79 0
-129 -101 91 186 0
187 143 78 -100 -61 0
-15 91 -99 -35 -141 0
-39 -194 -12 20 153 0
190 -34 10 168 0
46 -76 0
62 27 -147 -27 0
114 -98 77 174 0
-127 -165 0
138 -100 82 -89 0
-135 172 56 125 0
-109 -5 -83 118 -166 0
-165 -4 -141 -84 107 0
159 -31 -139 96 0
156 160 128 -188 0
-134 -64 27 124 0
-95 178 -69 0
71 -20 111 -187 0
-157 95 -189 0
54 -137 132 0
103 -195 96 62 0
13 -95 -26 25 0
24 -34 -58 0
182 195 -106 -128 0
122 -182 -160 76 0
-43 92 89 85 181 74 0
-73 -145 98 181 -26 0
-129 -18 139 -135 69 97 0
14 -156 -22 135 0
27 -17 -56 0
-104 91 11 33 0
-72 75 -43 -186 -13 0
37 -168 46 -94 0
11 -10 146 0
101 139 -144 -21 -50 0
-149 15 102 -185 0
-160 190 -160 0
-130 -74 154 0
-107 140 67 -149 0
134 89 106 -105 106 34 0
104 -113 138 0
121 -92 180 -166 -83 0
-21 178 92 0
24 -165 -139 166 30 0
-145 181 167 -38 144 0
-186 42 0
118 -86 178 -100 -90 146 0
-22 -42 -54 -173 -76 -14 0
130 171 157 -147 34 0
57 157 165 85 -142 0
-162 17 -193 -186 0
193 146 -43 0
126 -73 46 18 0
68 -24 -79 80 76 46 0
192 -39 -140 0
192 62 -6 152 0
72 -94 -79 58 26 0
-65 155 150 0
105 2 0
-108 26 67 -111 0
88 174 -83 -152 0
155 -126 -19 -135 -81 0
-92 152 100 129 -100 174 0
140 150 118 0
87 43 49 -140 -46 0
92 -74 91 93 0
37 161 -104 146 0
-192 25 0
188 -99 91 -18 0
-130 186 -138 115 0
-7 -79 -24 84 90 0
83 164 -151 -89 149 -173 0
-88 150 -160 -140 40 0
-65 -116 -96 92 0
4 30 -48 -148 -66 0
-119 23 33 18 -155 -115 0
52 -111 -51 -187 0
-56 3 -163 0
-151 -6 150 -36 0
-113 -30 117 -128 0
-115 -42 -166 -27 0
-27 161 -78 -189 168 0
177 161 129 105 -12 0
152 158 55 0
-140 -16 31 120 -189 0
-95 -184 90 0
-115 -81 32 146 0
-80 -132 -3 135 0