c
c start with comments
c
p cnf 121 558
-47 -66 -119 98 0
-17 86 0
88 107 -113 -8 -106 0
39 64 -36 25 -45 -39 0
-76 53 -102 74 121 -74 0
-12 -29 -72 -86 0
-85 -40 -64 10 15 0
18 -24 90 6 -116 0
-79 67 93 -20 -116 0
-107 101 23 0
61 -78 35 -4 0
-89 80 88 44 51 -109 0
-13 24 -69 65 -7 14 0
-113 30 0
-109 26 -22 0
4 -9 0
-65 110 105 -91 46 -85 0
-89 111 -93 49 -30 -29 0
36 80 88 107 13 0
-80 100 43 7 -13 0
48 -9 67 102 17 0
100 81 76 0
6 25 -16 0
33 -27 19 -12 0
40 -85 14 0
71 -5 99 100 0
87 2 4 -15 16 -76 0
-84 70 -17 -85 0
-9 91 -7 -54 -50 0
29 -2 89 12 0
-45 8 -92 -94 0
114 -17 105 0
103 -40 24 31 0
-10 77 106 60 56 0
112 16 95 0
-32 -72 -8 104 0
115 -8 -47 -108 -63 -56 0
-15 42 -100 55 0
35 -98 -103 0
-17 45 26 -27 0
-24 101 8 16 0
-114 -72 -68 0
21 25 0
-5 -7 -18 -57 -71 0
9 -64 49 -77 0
113 52 -13 -58 -36 0
114 -29 -82 0
12 -87 0
75 7 -120 83 77 0
-118 66 -69 0
-84 -64 0
-41 102 54 0
-115 48 -52 9 -97 0
-34 48 -26 -12 -103 54 0
4 -44 25 -91 -4 -107 0
-53 -10 -31 121 -59 0
87 42 -60 -18 -60 0
-103 13 -80 0
-3 -104 104 97 0
72 60 -14 -14 120 -14 0
-119 34 -56 0
44 -114 0
-31 -112 -89 0
25 -82 -8 92 0
45 85 101 0
-6 -7 109 -1 -10 0
39 -66 -53 -59 -4 0
-86 -109 -26 70 4 0
-5 92 59 90 0
15 -30 27 -29 73 0
-31 44 -56 -80 0
34 -12 3 -37 44 0
-61 99 -36 18 -73 0
94 -88 -95 0
-85 37 59 -106 30 82 0
-76 119 68 106 -90 0
32 -82 -37 0
37 -51 105 21 -100 116 0
28 68 -56 -2 0
-75 84 38 105 -7 0
29 62 -51 69 -75 0
-111 -80 -6 99 0
29 30 -100 100 -32 -32 0
21 -61 -2 -41 64 0
-27 -73 85 -91 6 0
-77 -51 25 -88 -85 0
109 17 -70 -118 -53 0
-88 47 10 73 0
-43 -73 -10 0
73 117 96 -120 0
-92 -42 12 -113 52 0
-39 -43 -105 -54 0
-119 -66 0
77 -35 -68 0
-91 73 23 82 0
48 71 -68 100 22 33 0
-35 -41 56 0
-63 97 -17 -106 -14 0
10 102 -87 -121 0
55 83 77 86 0
-68 89 119 -74 -81 0
45 26 52 15 3 0
69 -33 -39 -64 0
69 -82 65 -17 0
-12 -5 -18 -98 5 116 0
47 113 0
89 -45 111 0
118 88 0
-43 20 37 65 0
110 102 -77 0
-73 117 -75 -58 -117 34 0
-21 102 -67 -23 0
-34 -70 86 -58 0
-113 37 -112 95 0
-82 -115 0
-41 71 0
67 26 -120 70 3 0
-77 62 35 0
35 -113 15 0
-12 -87 113 -100 -11 0
-52 31 81 -99 87 -74 0
-98 -69 0
12 110 -70 -74 68 0
15 -28 0
-18 45 112 37 0
50 58 33 -60 11 0
-65 88 4 -59 15 0
-5 -3 0
108 -69 53 113 0
-93 90 0
-26 7 0
-42 69 71 0
-9 -91 74 -40 -49 103 0
24 34 35 -98 0
-104 30 -51 -19 0
56 99 0
-44 -23 87 13 29 0
-34 -102 91 0
60 69 24 31 0
85 49 96 0
31 -18 69 -88 116 0
-111 -43 0
19 12 -96 -66 0
70 9 50 0
-52 -38 55 29 0
42 18 62 0
-109 62 -117 -32 113 102 0
-42 -79 -6 0
-37 93 2 0
48 -16 -101 81 -115 0
77 -26 -10 7 0
42 95 -12 79 0
-115 -8 -57 0
-29 69 -68 -67 86 0
-48 -82 14 0
33 55 -116 12 86 0
-14 110 -19 -24 6 0
-10 44 67 0
20 -84 102 14 0
117 102 34 55 0
40 -112 103 0
-10 -32 49 -114 -46 0
-43 -52 78 0
-51 -68 8 0
-102 -77 61 14 -100 0
-102 108 77 94 0
19 62 23 0
71 -50 95 -97 0
-84 109 -61 -102 0
-85 17 -32 0
-50 35 29 0
-12 -31 -103 -36 0
-56 21 -21 0
-104 39 0
10 64 98 -16 -89 0
-35 111 108 0
78 -60 -95 97 -79 -63 0
-88 33 2 15 35 -6 0
-94 77 18 7 -78 -4 0
109 -26 0
118 -31 79 0
45 68 0
-23 -63 0
41 -107 44 -113 16 0
120 52 -89 -90 0
56 82 -90 -11 17 -42 0
-60 -101 -24 48 -56 0
50 105 37 16 51 -32 0
7 -112 2 52 0
-7 -39 67 109 0
-87 -4 -93 -64 0
-40 -78 57 0
22 -42 -11 -72 -25 -79 0
102 -89 9 27 104 0
63 14 -15 0
76 -6 -81 93 0
-84 29 81 -52 0
-2 11 -14 32 -11 14 0
-58 -44 -109 24 0
-5 -46 -29 -110 -96 -24 0
119 93 77 71 68 0
26 45 7 0
-28 116 0
94 -105 -69 0
-95 -106 -105 75 45 0
62 38 62 -111 0
33 92 35 -15 0
85 -16 64 33 12 0
-99 -52 0
34 107 25 -68 0
-95 104 66 0
55 89 -67 -13 0
120 -72 57 -10 117 71 0
33 -8 0
-61 94 -25 -55 0
104 -91 -30 0
-2 -113 -44 32 88 0
-116 42 11 10 0
-83 -82 64 0
-98 47 -5 106 0
42 -9 0
113 5 -26 0
-101 -33 -117 90 98 0
12 -115 119 24 57 95 0
-97 98 -49 -73 0
23 -109 92 55 0
93 74 0
36 32 11 -76 119 0
116 -36 -99 41 0
98 71 -110 60 10 0
69 -81 -4 0
2 -59 0
-24 -4 0
-61 2 35 4 0
-30 87 55 0
-116 71 58 -11 0
77 -18 -23 114 0
-108 35 0
12 -89 68 83 -64 31 0
18 -114 7 0
-45 -28 85 -51 -111 0
-109 53 0
-47 20 -120 0
-14 -120 8 35 95 0
-77 26 72 -66 -64 0
-58 64 -25 -49 0
18 24 8 -40 41 0
-35 -59 -11 11 26 0
-70 -46 -24 0
-8 -50 63 -21 0
-104 114 87 100 0
96 -89 1 0
6 11 10 -38 67 0
46 -18 -78 -74 0
-55 -86 -69 -55 15 11 0
117 -9 -45 0
64 105 0
94 65 -27 -18 -98 -30 0
-102 83 0
-39 -61 64 114 0
-117 47 81 95 41 0
113 97 14 -103 5 46 0
-50 -118 -57 69 0
87 -50 8 -32 0
116 -114 35 -6 103 0
61 -74 92 -115 76 0
-74 58 45 -57 -12 0
-57 19 53 -99 0
97 -98 0
-30 -55 -65 -26 108 -15 0
-97 -111 53 0
-65 -93 92 -52 0
31 90 34 74 92 0
99 7 -113 1 -46 -37 0
86 35 119 29 114 0
50 -107 -42 -40 0
-109 -112 110 -110 -25 -75 0
-11 -65 -79 -46 0
80 -20 23 -92 37 0
20 -99 0
-47 5 -62 -6 47 0
-71 120 -102 -73 63 0
-19 -17 10 42 -62 49 0
54 -66 22 -83 39 -42 0
113 -118 -84 7 20 0
111 -36 103 0
-54 98 44 0
69 97 -37 108 0
57 11 49 -52 0
5 58 49 0
115 -26 106 11 0
-12 78 0
80 113 -82 30 -66 75 0
-87 74 -94 -107 0
10 -119 -6 74 0
75 61 -71 0
69 -4 -15 -64 -6 0
-95 76 0
-94 75 -32 -64 -55 0
101 120 -62 0
33 75 0
-20 17 -88 37 -109 -107 0
79 16 -18 0
101 66 -62 86 88 -112 0
-102 4 80 86 0
87 -37 -11 -31 0
-108 -5 -78 -91 0
88 110 78 -15 0
46 46 14 -21 2 0
7 63 -54 87 80 0
-110 -93 57 116 0
-9 -3 89 -113 0
-110 -44 -105 -63 0
-35 34 4 0
-47 50 0
98 -109 -53 -40 0
-75 5 60 117 90 -16 0
-27 -57 72 -52 -81 0
38 -60 -88 -56 111 0
118 -84 -16 -55 -42 -62 0
-120 -82 37 89 0
50 -11 -68 -55 -79 113 0
-64 32 -26 36 -100 0
-94 12 -119 32 55 0
104 -105 0
-121 113 -64 81 0
100 4 62 59 0
-54 65 72 0
-84 103 -99 0
113 100 117 -48 33 73 0
39 -16 -6 0
89 -89 33 89 34 0
15 -58 91 10 -24 0
86 16 -115 -41 29 0
-63 -45 52 -77 0
28 -45 93 -71 105 0
-30 -74 -47 59 81 0
-63 -4 -90 33 -37 0
87 -38 89 0
-116 -95 -70 0
75 115 43 -96 0
-85 -54 98 5 -110 0
-74 -44 27 71 103 33 0
-46 73 -45 0
95 -25 -118 -38 26 0
33 -25 -22 0
-83 31 24 40 -76 -85 0
-57 104 0
-30 -79 10 87 -30 105 0
-41 -89 -4 0
101 -43 6 -90 0
-115 109 -98 95 -30 0
35 -103 -85 -58 -110 73 0
-25 -47 24 -25 60 0
-21 -23 79 42 46 106 0
76 -36 74 -53 0
28 -72 -76 37 103 0
-54 51 34 0
-81 49 -108 56 0
-24 108 -46 18 0
-51 39 46 -61 0
-64 -108 115 0
-29 7 -24 0
101 -31 -2 -119 65 0
-58 3 119 -92 -69 -97 0
-118 -105 121 83 15 -10 0
12 48 -120 0
92 53 89 109 0
-54 100 51 101 0
-90 -112 0
119 -14 35 0
120 14 -26 0
-101 -87 -70 -102 -10 0
20 89 -77 0
58 59 -26 -94 0
58 37 -58 62 -80 83 0
100 -119 -23 0
-95 -97 14 114 -101 0
-55 68 -20 11 -62 0
64 34 3 -70 -92 0
-86 93 102 29 -75 50 0
-97 72 105 121 -59 97 0
-114 -84 24 -5 107 0
-56 22 110 0
65 -111 112 -29 -11 0
7 57 44 104 0
73 -66 16 -105 -97 0
-69 102 46 0
41 -88 -111 91 65 115 0
-39 35 18 106 -34 0
28 63 -64 0
-27 -48 0
92 76 1 -109 97 53 0
-108 -66 7 0
-113 -120 0
-49 121 0
7 114 -41 0
21 -92 -17 0
-84 49 0
-23 73 30 -80 -17 0
-82 105 -23 0
58 -38 37 -7 0
102 106 10 -100 60 -43 0
-113 14 116 -105 80 0
12 16 108 -29 118 -22 0
-29 -115 -3 -109 25 0
-59 6 -120 0
5 44 -81 0
-12 73 72 81 0
115 17 0
-27 -55 24 0
10 16 0
-9 12 54 114 0
74 56 -112 23 0
-80 -36 -23 -104 0
-48 -19 42 -112 0
56 -82 -79 41 0
-29 -110 88 -87 0
-27 95 69 0
-55 -74 0
-108 19 -2 -108 0
36 -31 0
11 86 0
74 53 -43 25 0
52 -58 -13 -71 0
48 -91 -82 93 -40 19 0
51 -46 68 104 0
25 -65 -66 69 0
83 51 -17 -104 -51 0
108 28 71 39 62 0
43 -1 -60 44 -84 0
-91 -106 22 112 0
87 -73 2 58 110 -98 0
40 66 -78 59 28 0
-18 72 -22 0
-31 13 94 -17 12 0
23 -11 19 38 -45 0
94 56 27 0
92 -86 62 3 0
82 -40 -55 0
17 -52 -59 -80 -76 27 0
116 25 28 8 0
109 -8 -32 -43 0
-45 13 26 -89 68 0
-89 37 81 57 109 0
58 -104 -80 118 0
91 -23 42 60 -94 0
88 36 119 62 -52 0
-48 -109 -99 0
72 -46 -78 0
-48 -58 -112 0
60 13 -45 0
68 -4 85 87 0
57 9 0
28 61 -94 -18 0
81 60 0
102 12 -31 -42 0
-99 -36 0
24 108 0
108 -108 -89 -46 0
97 25 -104 0
24 105 -104 12 -72 0
-34 -37 6 89 0
52 -73 -62 0
91 57 35 -94 0
-51 -22 81 0
22 -75 -102 -110 0
12 2 -118 -87 -65 0
-105 107 -43 47 0
-23 30 -20 9 -47 0
63 -54 47 0
14 38 57 117 92 106 0
102 10 -36 82 0
112 -105 -52 -44 63 0
-114 16 109 0
-83 50 52 0
-18 16 0
40 117 -87 -44 0
-19 -114 120 -43 -22 0
-62 -114 120 0
-95 -27 0
-94 84 0
50 -15 44 45 83 0
-64 -19 26 -8 52 0
-119 55 87 0
-58 -47 55 -83 -97 78 0
47 -41 40 112 -81 0
2 -110 -8 59 0
66 -96 -112 -60 73 0
52 95 105 36 68 0
101 105 60 88 86 0
93 -87 -48 82 0
-115 19 -25 46 64 0
-81 -102 8 119 86 0
110 22 0
12 113 67 -120 0
83 76 17 -66 91 0
33 -27 -65 11 5 -83 0
-91 -73 -84 24 -118 0
10 -62 19 -20 -26 -7 0
92 41 48 94 0
62 22 29 106 0
107 76 -85 101 103 0
63 62 107 62 71 0
109 11 77 0
16 10 -21 0
-35 105 99 66 0
-79 -54 -62 -91 0
-46 41 -18 84 0
13 21 0
-52 115 -104 17 0
-86 6 0
40 -67 46 68 0
-31 51 -69 -53 84 0
107 -65 -26 -110 33 0
-93 -86 -105 0
-98 -28 29 4 -90 0
-119 -30 -105 43 39 0
-109 -53 0
-6 -92 -35 17 32 0
106 51 -56 52 -9 65 0
78 87 70 96 0
27 -23 0
-53 -16 102 0
-120 -121 5 90 0
93 60 0
89 30 -41 118 0
87 25 109 0
-118 96 31 -86 -82 -30 0
-75 112 -34 45 0
-13 49 0
63 -25 -97 6 0
-58 65 -84 0
29 65 -102 60 -94 0
7 87 -107 -95 0
-73 -58 -100 -28 -28 0
67 -113 -82 0
-82 105 -93 -110 0
120 -83 110 -118 -24 0
4 -23 -4 0
-112 62 -115 -38 22 65 0
22 -46 -22 76 0
-38 -40 0
-37 -117 71 -105 0
19 8 -17 -92 -47 0
-27 49 62 113 0
91 2 -30 -73 0
-52 -97 48 78 0
76 76 95 -44 0
-56 -67 43 0
2 -42 76 0
-118 -11 -82 72 54 -115 0
-12 53 -8 -98 90 0
9 58 -34 67 0
-4 -97 -25 -62 0
-50 -105 32 41 -80 -58 0
-34 -50 -51 -6 -109 64 0
-36 119 -86 -50 0