c
c start with comments
c
p cnf 34 62
5 -12 -5 20 30 0
-31 20 -11 0
-21 -20 -23 0
-6 -11 -24 16 8 3 0
4 -27 -10 2 0
-33 3 25 0
-4 -20 25 6 29 0
6 13 0
26 6 14 0
-22 -30 -27 3 0
29 -7 14 0
-8 7 -17 -27 -11 0
3 -12 1 -21 10 -34 0
-32 -33 24 23 0
-11 -4 11 4 0
-14 19 -6 2 -8 0
15 -18 15 3 0
4 1 -8 32 -26 8 0
14 -26 -12 15 0
27 -11 0
-22 5 0
-22 -8 -25 -2 2 0
-17 -8 33 -23 0
-10 31 0
-16 -33 0
20 -24 33 32 0
-8 -26 21 18 18 0
18 17 16 0
2 19 -23 19 -6 -4 0
-8 -20 -8 -10 -19 0
-15 10 -33 -26 0
24 28 -6 7 3 -32 0
-7 29 0
24 -32 33 0
16 -14 -7 -11 16 0
-30 -31 8 14 0
-29 -9 6 0
8 18 -33 0
-17 31 -34 16 15 10 0
25 -24 10 24 -4 -10 0
16 27 16 0
-33 -19 25 11 6 -18 0
17 -25 -30 0
33 12 16 0
16 29 17 7 26 0
25 15 31 -27 -26 0
24 5 29 -8 0
-30 28 24 6 0
31 -23 -22 -2 0
-34 13 -13 29 0
32 25 15 12 0
-17 4 0
-9 -22 -26 0
-4 9 18 19 0
-8 21 -6 0
18 -30 -32 0
-22 16 -21 0
6 3 19 -31 6 0
-11 -10 -18 7 -18 31 0
-17 -1 18 8 0
-20 15 26 0
33 -2 -23 29 0