c
c start with comments
c
p cnf 21 98
-14 19 12 2 -16 0
16 6 10 0
12 8 9 0
10 7 -20 -13 -19 0
3 -15 3 10 -8 9 0
12 12 -17 4 -4 6 0
-11 -9 11 -3 0
-9 2 -17 3 0
7 -2 0
19 14 2 7 -17 -19 0
12 -5 -8 4 -13 -10 0
-14 3 -15 11 4 16 0
-12 16 -5 0
6 7 9 10 -10 0
3 18 7 0
-20 19 -11 9 0
14 15 11 -15 0
4 3 -17 17 0
-14 19 0
1 11 -14 9 -13 0
-5 6 -12 0
-8 4 -18 0
19 15 -21 8 11 0
14 20 -5 10 12 0
-14 -9 -5 14 -19 0
-7 -2 0
-13 5 -2 16 0
-7 14 -3 17 0
6 -10 6 -19 -7 5 0
3 13 4 14 8 0
-17 17 10 20 -2 0
-1 -5 -7 -18 -16 0
-5 -2 -20 -6 0
-4 -20 -4 0
12 21 -15 0
-10 12 -6 0
-9 -14 0
7 -7 -7 0
17 2 -18 0
5 -15 -12 -20 0
-7 -1 17 0
7 12 2 -14 0
-1 11 -17 -14 15 3 0
-13 13 -16 0
-2 15 16 -11 -8 0
17 6 9 -4 0
5 -7 -16 -1 0
-17 -16 10 18 0
-13 3 20 13 6 0
7 10 -5 -14 -18 0
17 -17 -4 -5 0
-7 4 0
6 20 0
3 19 -21 6 -20 0
4 -15 -1 0
-4 -2 -16 -12 -8 -12 0
11 -4 -8 -20 -13 0
8 -2 11 0
-11 -4 -9 5 -13 -6 0
4 15 -7 0
10 7 8 0
-10 20 -15 0
8 6 -12 7 -6 0
-15 18 10 0
-1 3 -18 -13 13 0
14 -11 9 4 0
19 7 -3 0
20 18 -2 17 18 0
-5 -15 -3 -3 3 0
21 11 20 8 -3 -5 0
15 18 19 19 -13 -16 0
-20 14 17 -2 19 0
-19 17 9 11 0
-18 -7 17 -18 0
-6 16 -4 14 -9 0
18 17 4 -19 0
-9 -15 8 10 0
7 3 20 19 0
-5 -13 -6 0
20 9 -1 0
13 -20 -21 3 19 0
17 -9 0
5 -21 -3 -6 2 -15 0
-5 -3 0
-21 -16 -4 6 -18 0
-18 8 -6 5 0
-11 -14 0
2 5 19 0
-18 21 11 19 -10 0
-10 -8 17 10 -8 -8 0
-19 -15 -21 -21 0
8 19 2 3 20 19 0
17 18 0
-14 -8 -6 -11 -19 0
-8 -7 -13 -15 0
19 -19 -5 0
1 -4 3 0
4 -4 0