c
c start with comments
c
p cnf 18 151
16 5 -17 -16 0
4 -16 15 6 -13 0
5 -11 -15 0
5 -16 0
-6 17 0
-17 5 -17 11 0
-4 6 -14 -8 0
15 3 3 0
-1 16 0
7 6 14 -16 0
-18 -12 15 5 6 0
-11 12 -6 6 14 -14 0
-10 11 -11 -5 -11 -9 0
16 -13 -16 0
11 1 0
-9 2 14 -7 -17 0
15 -7 0
17 18 -2 0
-15 18 15 -11 0
-7 15 -5 9 15 -16 0
-1 15 -4 -7 -2 0
-10 -15 4 -8 13 0
6 -5 0
11 -9 -3 -6 0
-10 -7 0
-17 7 6 3 0
-11 -15 -3 -9 11 17 0
-3 -5 -6 -13 0
-11 -9 -18 11 0
17 -16 -17 -12 0
-5 -12 -16 7 3 0
12 -8 -16 -9 0
9 -14 -14 -8 13 0
-10 11 16 4 11 -2 0
6 3 12 -13 14 0
3 -12 6 14 2 0
-14 -17 9 -9 18 0
-6 5 -17 0
1 4 0
-10 5 0
-6 -6 -14 -12 -12 0
-14 18 14 -7 -10 0
-2 -13 0
4 17 8 6 -13 0
16 -6 0
-11 -17 0
8 -14 0
8 -1 -9 0
3 3 -13 0
16 -15 15 0
6 -18 0
10 -13 -13 -14 11 0
-6 15 4 -4 0
17 15 8 12 -16 0
17 -15 -16 3 11 0
-17 12 3 -5 0
-9 12 -10 9 0
18 7 -4 0
-15 3 9 2 0
-17 -1 -17 0
13 -9 -7 12 0
-13 -10 4 -5 -9 0
-8 -16 7 -2 -12 0
12 18 -1 4 0
8 -16 13 -5 0
14 -6 -8 0
11 -8 3 -6 0
-9 8 10 2 0
-15 -10 -4 -13 15 0
-8 9 0
16 -10 -13 -17 4 0
11 -11 0
4 2 4 17 12 0
4 13 0
13 -8 -16 -18 2 0
-9 -17 -8 0
-9 -17 -11 0
-4 3 -6 18 -8 0
8 17 -15 -16 8 0
-3 -4 12 15 4 7 0
14 -3 0
-3 3 8 -16 0
-17 15 14 5 0
-7 9 -2 1 13 0
-17 14 4 7 -15 0
12 -7 -8 11 13 0
4 4 17 -4 -2 0
12 -14 5 11 -11 0
-11 -6 9 0
-15 3 -4 2 -5 0
-5 1 3 0
10 -7 9 6 0
-14 -17 0
-18 -5 6 -5 0
18 10 14 16 11 -3 0
15 -17 0
-15 16 -12 1 0
-3 6 -5 -13 2 0
6 6 -3 0
11 12 -7 0
-11 13 13 1 16 0
-8 -5 0
10 -5 8 0
-5 -6 0
-4 -14 10 17 14 0
8 14 -15 -6 0
-5 10 12 -8 0
13 -15 -17 0
-4 6 2 10 0
8 -2 0
-17 5 -12 0
6 -12 9 5 0
12 -2 3 0
-4 -9 0
-4 2 3 16 12 -13 0
-3 -1 -1 -7 0
-13 8 15 10 0
-8 -12 -2 16 6 0
-11 15 -14 2 0
17 -4 13 -8 9 0
-16 -8 -18 5 3 0
-18 3 0
15 -2 15 6 0
17 17 -13 2 -9 0
15 4 5 -9 0
-9 11 -2 0
-18 10 -10 7 0
-9 11 -9 -17 -15 0
-9 13 -16 -8 0
-15 -12 4 0
17 3 -11 0
16 -3 -8 2 6 0
15 14 0
-8 -2 0
6 8 -7 -11 4 0
-2 -11 8 -2 0
-14 2 7 13 0
-16 -8 4 -14 -7 0
10 -13 -1 -1 6 0
-15 16 -15 -2 4 10 0
-6 -18 -16 15 0
4 -5 4 0
18 -15 -5 -9 0
4 -9 13 -9 -3 0
-2 2 3 0
1 2 -10 5 -2 -4 0
6 7 -16 13 0
17 8 6 0
-10 15 -14 0
16 -15 -1 0
-13 -8 -15 17 13 0