c
c start with comments
c
p cnf 19 113
7 -2 0
8 -4 12 -1 0
13 14 -4 15 4 0
-18 -16 9 -15 13 -6 0
-17 16 8 0
3 9 -4 13 5 0
15 7 -4 0
2 -9 -6 11 -18 0
-5 -12 -13 -11 0
-4 11 -14 0
7 -8 13 8 -5 0
-15 -12 14 0
9 10 -6 -16 0
9 -10 -1 10 0
7 18 0
3 10 3 0
-19 17 0
17 16 -15 0
17 -13 -11 17 -9 -5 0
19 4 17 -5 -1 -5 0
19 3 2 4 0
5 8 7 9 0
-10 13 -10 0
-13 -5 0
11 5 -15 0
-18 -11 5 11 2 0
-12 -10 -13 14 14 0
-6 10 15 7 -12 0
-5 7 -2 10 16 0
-5 3 3 0
-11 -3 0
9 -4 -15 -3 0
14 -2 -6 -5 3 0
-4 -1 -15 10 0
-12 -5 3 -10 12 12 0
11 -17 0
-10 15 8 9 -17 -3 0
15 -3 0
17 19 2 17 6 -5 0
-12 14 -6 -1 -6 6 0
-6 7 9 13 16 -11 0
13 3 -1 -14 13 0
-16 -18 -13 -4 0
-10 15 18 7 0
-18 -11 -13 -19 10 -13 0
13 -15 -15 0
4 -8 -5 0
-14 -17 -19 -5 -12 0
17 -19 16 13 0
-16 16 0
12 2 0
-18 -5 17 0
3 -13 9 5 -7 0
-15 14 11 -17 6 0
-5 11 -5 -11 0
-5 -17 -10 5 4 -14 0
4 -13 -6 0
-7 9 15 15 7 0
15 -17 14 13 -2 17 0
-19 2 14 -9 -4 0
-15 10 10 18 14 0
10 15 0
16 13 7 7 -7 0
-2 13 17 11 0
-6 2 0
15 -6 -8 -3 5 0
-3 -17 18 18 0
-14 8 -15 3 11 0
-8 6 -18 -11 0
-17 -11 -16 0
7 -4 9 -18 6 12 0
19 -1 0
17 -17 -2 3 0
5 -14 0
6 -6 -2 -17 -10 0
12 13 -13 0
16 -3 11 -11 0
-14 -3 15 -8 -6 2 0
5 -10 9 -3 -10 0
4 -15 -9 0
-16 18 6 -8 7 0
10 -9 12 -11 12 0
2 16 18 0
8 -18 4 10 4 3 0
8 -1 5 14 -15 19 0
-3 1 12 -13 17 6 0
-1 16 -5 4 0
14 -16 -18 -15 -12 -3 0
-19 -15 4 -16 -19 0
7 -4 -15 1 0
-16 6 11 0
14 3 13 12 14 3 0
5 16 0
15 4 0
-10 -2 -16 0
14 -3 2 -8 -4 0
-1 6 -16 0
-2 12 -3 7 0
-16 13 -12 17 0
-12 9 -8 -5 7 15 0
18 -2 -10 18 -1 0
-17 -19 4 -14 0
-18 3 14 -3 1 0
-17 15 7 6 0
-18 14 -7 0
-14 7 14 0
18 6 19 0
-11 -19 -18 0
18 9 18 0
7 -11 -16 11 0
-5 10 0
-2 -1 -4 7 13 0
10 -10 6 14 0