c
c start with comments
c
p cnf 31 65
2 6 -21 0
-28 19 -5 -16 0
29 -30 -17 0
2 23 -27 0
25 20 16 25 0
16 3 -7 -10 30 0
23 -5 -17 0
-12 -12 0
6 -12 0
25 -9 -15 -19 0
6 8 28 -13 -12 0
-19 10 0
-24 18 -32 -27 0
13 -29 18 18 28 0
22 13 13 0
27 -8 -28 0
6 -8 -7 -10 29 -30 0
-21 -19 -23 -25 0
-27 -10 0
14 28 -19 15 -15 2 0
12 3 -26 15 15 0
-13 18 -12 0
-21 -19 0
3 -6 14 0
-3 -32 12 -19 -20 0
24 -5 26 -19 30 0
-19 26 -28 -26 23 0
7 3 -14 -11 -30 0
26 -14 15 10 0
29 4 -13 -3 -4 -12 0
28 7 -29 0
5 -16 -13 0
-13 -17 14 20 -21 0
-16 2 -7 26 2 0
31 -24 -23 -7 16 0
-26 10 -6 -23 15 0
28 12 25 -10 -3 12 0
26 -29 17 0
-7 10 22 -14 -23 0
-7 11 30 31 0
11 14 -9 28 15 0
-22 -18 -21 0
-17 22 6 20 -28 0
2 19 -23 0
9 21 0
-3 8 0
-6 -3 0
26 6 -9 0
13 27 6 -6 -22 31 0
7 -27 -16 19 0
17 16 -27 27 0
-14 30 15 0
-28 32 -7 -13 -18 0
29 5 -25 0
-4 8 -19 23 22 14 0
18 23 -15 -26 -30 0
-31 8 -15 25 0
31 -4 -6 9 -16 0
-28 24 -30 32 0
6 -3 0
-17 -2 -25 -8 0
13 -15 19 0
24 25 2 3 10 31 0
24 30 -9 -3 13 0
-5 4 -11 9 0