c
c start with comments
c
p cnf 14 78
11 -9 1 0
5 -12 0
8 11 -13 12 4 -14 0
7 -10 2 -7 10 0
6 6 0
-5 4 -9 9 12 0
-6 -4 -9 0
4 -11 -2 13 0
-6 -3 6 12 -1 0
6 5 -4 2 0
3 10 -8 0
-11 -11 10 12 0
7 3 2 0
-13 10 8 -10 2 12 0
8 7 -11 8 0
-5 -6 -14 0
11 -11 -1 -2 9 0
5 6 6 1 7 0
-12 -4 -5 -12 -6 -3 0
11 12 0
12 -7 0
-14 -12 0
7 -2 8 7 0
13 -2 0
9 13 13 -11 0
-8 -7 -6 8 11 -12 0
-2 13 -12 0
7 -7 11 -8 0
-6 -8 4 5 0
12 -2 -5 7 0
7 -2 -1 6 -11 5 0
12 -10 13 -11 0
-2 13 -13 10 4 -2 0
13 -11 10 -3 12 0
-3 8 13 4 0
-1 -13 -14 0
8 13 0
3 2 13 -11 -9 0
11 5 0
-11 -11 -9 5 11 0
2 13 0
-7 7 -6 0
-8 2 5 -1 0
12 -7 0
-2 -1 7 12 -10 8 0
5 4 -4 -3 0
12 11 -13 -2 0
-11 8 9 0
4 -8 -1 2 13 0
-10 -7 -2 0
-3 1 4 13 -7 0
-9 8 0
-1 -6 0
13 11 14 -13 14 0
7 -5 4 -13 -13 0
14 -10 7 0
8 -5 -11 -3 0
-4 9 8 0
-4 6 11 0
-12 13 -7 -9 -13 9 0
6 7 -5 10 -4 0
-10 -8 -12 -3 6 0
-8 13 3 -3 3 -8 0
-4 8 0
1 7 -13 -9 10 10 0
-13 -8 -13 -7 -3 3 0
-11 11 -11 0
-8 -1 -6 0
12 -3 -11 -9 -3 0
-4 -8 7 12 -3 4 0
6 8 -3 0
5 -6 -4 4 0
-3 -7 14 0
10 13 -4 -5 -12 12 0
-6 2 6 -12 5 0
-8 -9 4 -12 3 -7 0
9 -3 3 0
-9 -7 -13 -14 0