c
c start with comments
c
p cnf 39 133
-26 -19 4 -31 -9 0
2 36 0
-18 -4 -6 17 11 15 0
34 26 -34 4 -18 0
33 -9 -37 -15 -12 0
-33 3 -37 -14 0
-2 -16 2 -18 0
15 -6 -18 -9 29 23 0
-38 -6 -31 0
22 -36 9 -4 0
3 27 -24 34 1 0
13 7 6 -19 -17 0
31 -11 0
12 -12 3 36 -8 -5 0
-26 2 17 -18 0
-33 -34 21 0
-30 10 8 29 26 0
26 23 -36 38 -10 0
-2 -32 6 14 -6 32 0
10 31 11 -28 0
19 35 31 -8 -1 3 0
-14 -16 11 -7 1 0
26 -34 25 0
-18 9 1 0
32 -31 -20 0
27 -25 25 -9 8 37 0
-22 -39 34 28 -30 0
18 -28 22 0
-17 2 -16 -30 0
-27 -13 30 0
28 -15 6 13 19 0
19 -28 25 26 29 23 0
19 -3 -37 -38 3 0
37 -25 2 27 -13 0
-21 24 3 5 21 0
31 -7 13 31 0
-28 9 -10 7 -14 0
17 37 33 0
-5 -30 0
20 1 -32 -11 0
-32 35 19 -2 0
39 9 -38 -24 15 35 0
-29 2 -9 21 0
19 -6 -10 0
-13 1 -7 15 -24 0
38 -6 -32 26 20 0
37 29 7 0
3 39 -21 4 5 -34 0
13 28 -13 -27 -31 -4 0
-18 23 36 -35 -19 -5 0
-16 -18 -17 0
-12 -26 23 -33 0
-30 29 3 -27 0
27 -19 -34 -25 0
6 -25 20 21 0
25 31 -4 0
11 11 10 23 0
-26 -8 0
12 6 -35 0
15 -24 38 12 23 12 0
34 -18 -20 0
28 -34 16 4 0
-18 26 20 36 10 -12 0
-29 18 37 16 -15 34 0
7 36 -21 0
-19 39 -30 19 -19 0
-9 12 -18 -36 22 0
16 21 31 -28 -16 0
1 -5 7 0
20 -36 -33 0
36 12 20 0
-23 19 -20 20 -34 0
-20 12 15 0
10 32 0
31 -35 2 22 -12 0
-26 9 0
-3 -11 27 2 29 0
-5 -26 -15 18 7 0
-35 7 -26 -22 0
-26 -20 -22 27 18 0
18 -19 -19 -23 38 0
-35 16 -26 -11 -17 -36 0
17 -4 25 16 12 0
16 -24 -37 0
37 -13 36 36 0
-24 27 -23 14 -3 0
-19 31 34 0
18 -10 -28 -27 17 30 0
-23 -24 -33 14 7 31 0
-23 22 -17 -7 0
-29 17 -7 35 0
-2 -37 -1 0
18 21 30 0
31 -2 -3 22 35 34 0
-38 -33 -32 0
8 -11 6 18 0
11 -14 -18 -24 0
34 -1 -10 0
-26 -13 0
22 -21 -24 0
-28 4 -26 10 25 0
-23 -38 -30 0
-32 -4 -24 -24 -22 0
-5 -21 -21 -12 -26 0
-24 21 -30 0
22 12 19 27 -25 0
-18 -8 -32 16 30 37 0
-32 -19 6 12 -32 -33 0
4 33 0
2 19 -37 -32 0
29 7 10 26 -18 6 0
25 -32 -19 -2 -5 0
-34 -23 0
27 27 24 -34 0
30 -36 10 -28 0
4 -13 -3 -17 -1 34 0
17 35 -39 0
32 7 0
21 31 -26 27 -9 0
-34 9 -3 0
6 11 19 -36 0
36 -18 0
12 -16 -22 -39 0
39 13 -8 7 15 0
-5 27 0
-12 -33 -22 -16 0
-26 27 -39 -31 0
22 10 17 38 12 -8 0
-26 -1 -14 0
-20 -35 22 0
-24 -17 -19 -24 -32 0
-36 14 25 -1 13 -13 0
29 10 -31 20 0