c
c start with comments
c
p cnf 22 135
-4 -19 -7 -10 0
20 -2 13 0
9 -21 3 -4 9 0
-8 -19 20 16 -7 -5 0
-16 -19 7 0
-3 -2 1 -17 -20 0
19 16 0
15 -12 0
-4 -4 0
-17 20 4 14 0
-3 8 -4 4 12 0
-17 -6 12 8 0
-20 -5 -17 -17 -7 0
-2 17 1 0
9 -15 1 0
11 10 -4 0
16 17 -3 -19 21 0
10 6 -20 8 17 0
-5 -3 -6 -9 0
14 16 -15 -6 -6 0
6 -1 -11 15 0
3 -14 5 0
-8 6 2 -14 0
-8 -2 0
-3 -5 20 0
-16 14 0
-15 22 -20 5 -15 0
5 19 -19 10 0
-21 6 12 -15 0
15 18 -7 0
-8 -19 -6 0
-18 10 9 0
17 13 -22 -22 14 0
5 -6 -10 -8 12 19 0
-19 14 -19 -13 8 0
-7 -8 -19 -2 0
-2 -9 21 0
9 -2 11 0
-21 -15 18 0
11 20 9 21 -9 -12 0
-17 6 -4 1 0
6 -17 0
18 -18 -7 -15 0
18 7 14 -14 -11 4 0
13 -3 -13 -16 0
-22 12 22 0
-6 -15 17 -1 9 0
14 13 12 0
-12 -20 22 6 6 -15 0
6 22 -13 7 0
11 -16 21 10 0
4 -8 0
-2 -6 15 -12 0
-19 8 5 -11 -2 0
-6 -2 -2 18 0
19 -8 18 15 0
-12 -8 22 -12 5 0
-14 -22 0
-15 -3 -11 -11 15 0
-15 -19 -14 13 -1 -20 0
-16 -11 7 -3 19 0
3 13 11 3 7 0
-8 -20 0
11 -13 0
-9 22 14 -8 0
16 -9 8 -10 0
10 6 0
10 4 3 10 0
20 13 -21 -3 -4 0
6 -1 9 0
7 -10 6 -13 0
-16 -21 6 0
10 5 8 0
-7 9 -14 0
-9 2 -21 2 -12 13 0
-4 2 -8 19 -10 -9 0
14 -12 21 0
-3 10 11 -10 0
21 2 -13 17 14 0
-4 -19 -14 19 -8 -8 0
8 3 -1 12 0
-9 20 -5 -7 0
-8 14 0
22 -21 0
-2 20 19 0
-2 -3 -21 21 0
21 -8 2 11 5 14 0
14 -6 -9 0
-8 -17 -9 -14 -8 0
-1 -5 2 5 9 19 0
-6 2 -8 4 8 0
-15 -4 0
17 -15 -22 -19 0
-18 -13 -20 -4 -10 0
17 19 -4 0
11 -13 -4 0
-4 21 5 0
3 5 -3 0
20 13 -15 -1 -20 0
-14 -16 12 7 0
1 -11 0
10 -12 22 0
-5 6 -18 16 -12 0
-8 -7 0
-2 -12 0
-10 8 -21 11 -13 0
-2 -15 13 5 0
11 17 -20 0
13 -2 1 0
-17 16 5 0
18 8 10 0
8 3 -15 0
-2 -11 -22 7 0
12 -10 -13 0
-21 9 -9 0
8 6 -14 15 0
-3 -11 10 3 0
21 -7 2 6 15 18 0
-6 16 19 0
14 -2 4 0
-16 -4 -14 0
5 -5 0
-5 -2 0
4 -18 -12 10 2 19 0
-2 10 4 -9 0
13 15 -18 0
8 -20 -15 -1 1 0
16 13 -16 0
17 -14 -3 -1 0
9 11 -7 -11 0
-13 17 18 -19 0
12 4 17 0
-15 -13 -14 -21 3 -9 0
9 -13 16 -2 14 -20 0
-5 8 10 0