c
c start with comments
c
p cnf 28 80
-28 15 -17 0
-18 9 22 16 0
19 24 -17 0
-24 10 3 15 16 -27 0
21 -12 -8 -22 -13 -28 0
-23 -5 -13 -2 -10 0
19 -13 15 0
-2 15 -8 0
-27 -26 -16 -14 -5 0
3 -5 8 -26 -10 3 0
-3 2 -27 15 22 0
19 -9 -16 -14 -6 0
22 -13 18 0
24 -22 -15 -10 21 0
14 -11 -2 0
11 15 17 21 0
2 6 24 0
24 -9 -17 0
-19 -4 23 13 0
9 -21 14 11 -3 -17 0
16 -25 3 23 0
5 9 -2 0
16 -26 22 -1 16 0
-22 28 27 9 19 4 0
20 11 1 6 0
11 25 -25 0
-19 -7 6 0
15 25 5 9 0
-5 -11 -16 -7 -2 0
-14 -8 -15 0
8 25 28 0
21 -5 0
11 7 -16 15 -12 0
25 24 5 0
-5 14 -8 0
-21 21 5 12 -13 0
16 10 0
-14 -10 21 0
9 13 -20 -22 3 0
22 -21 22 0
21 6 7 -22 -4 0
4 3 -12 19 6 0
-10 -27 3 0
7 26 0
-10 -3 12 21 7 0
-22 24 11 -25 -12 0
19 -6 25 21 0
8 25 15 -18 -20 0
-16 19 -12 -7 0
12 2 17 0
13 23 -4 -16 -27 0
12 27 -9 14 0
3 -19 -22 25 12 0
15 -20 0
5 22 11 0
10 -3 9 -28 0
-15 -21 26 -28 0
-11 14 -3 -1 0
-6 -18 11 0
4 19 -15 20 6 0
3 -10 0
17 -27 4 -16 0
-21 19 14 -4 0
-21 18 0
8 -24 0
-19 -10 27 14 -10 0
-9 17 18 0
17 10 -9 0
-24 -24 -4 0
12 -25 -13 -19 0
21 16 9 18 -27 0
-3 20 0
-6 2 23 0
-26 -7 24 7 0
-18 8 -26 6 -17 0
19 -6 -2 4 0
-12 -3 18 0
-19 -24 -7 -10 8 0
20 -17 -14 0
11 13 -17 4 -14 -13 0