c
c start with comments
c
p cnf 24 45
6 2 -7 2 15 0
9 -21 17 -10 0
-9 -18 -7 -8 5 0
-7 8 0
5 13 -17 0
-3 5 -12 0
-15 5 -8 0
-4 -12 -9 11 -9 -5 0
10 8 21 -21 3 0
1 2 -14 0
-2 -6 0
3 -9 -23 3 0
5 16 -5 -1 0
18 19 0
-4 17 23 0
-6 -4 10 22 0
10 -21 0
-17 4 21 13 4 14 0
6 -5 -7 3 15 10 0
-14 -22 -21 0
-8 -11 4 -18 0
20 -5 14 21 0
6 -9 23 -11 0
23 -14 6 11 0
21 21 9 22 0
-6 -22 -23 -24 9 18 0
16 3 -8 -9 0
7 -14 5 0
-5 -7 6 10 0
-23 19 20 -1 -17 0
-12 6 -3 2 -20 -18 0
7 4 9 6 21 0
22 16 22 -21 0
21 2 0
1 12 20 4 -3 0
12 -10 -13 10 -6 0
2 5 5 -18 21 -16 0
-10 -21 16 -16 7 6 0
4 -7 20 11 0
-12 24 -9 22 0
-5 12 -2 0
17 -11 -6 -20 -6 -3 0
-16 18 0
22 -2 -20 22 0
-16 23 4 0