c
c start with comments
c
p cnf 15 71
4 5 -7 0
5 10 -1 12 0
-10 1 14 -10 -12 11 0
2 -10 10 0
3 -11 -14 3 0
5 -6 11 13 0
-7 3 -7 -11 0
-5 -2 -3 -11 9 0
-13 11 2 7 0
-8 13 10 0
-4 -7 11 10 2 -11 0
5 -4 -7 -12 -14 8 0
-5 -12 -12 0
13 -12 -7 -10 0
8 -7 8 -14 4 0
-7 -4 0
6 -11 -2 -11 -5 0
-2 8 -2 13 0
-9 12 -13 0
-9 5 -14 -13 -1 0
12 -5 0
-11 11 -9 6 6 0
-5 -15 14 7 12 0
-14 2 5 -2 12 0
-8 1 0
10 -8 13 -6 -11 0
12 -10 10 4 14 10 0
-5 3 3 3 -9 6 0
-12 -3 0
-5 -14 -11 11 -10 0
-12 -11 9 12 12 0
-12 -7 -4 -6 -8 -7 0
6 11 5 9 0
-2 -1 15 7 0
-13 -12 -14 0
14 -7 -2 2 0
2 12 -7 0
8 12 -3 0
10 -1 -2 -11 0
-3 -3 6 -4 -5 0
7 14 -9 5 0
9 11 0
-2 3 -2 -9 -4 0
9 8 10 -10 0
13 2 4 0
-10 -8 -4 6 0
-7 -2 6 -13 0
7 4 0
-9 9 11 10 0
3 4 5 6 5 0
13 2 9 0
-6 8 3 -10 5 0
14 6 4 -5 0
4 -2 -2 -15 -2 6 0
-12 -11 1 8 6 3 0
13 7 14 -15 0
4 8 0
-9 -5 1 -11 0
11 2 0
-6 -2 8 -13 14 0
6 -12 -2 -7 2 0
-3 12 5 -9 0
-13 -10 0
-4 -5 11 9 0
-14 -3 -15 0
5 5 -9 7 13 0
-13 -11 5 8 -3 -10 0
8 -6 -8 0
-6 2 -6 3 12 0
10 -6 -15 -9 10 0
-2 15 0