c
c start with comments
c
p cnf 23 131
-18 23 -8 -21 -8 0
11 11 -7 0
-6 16 17 8 -18 0
9 14 10 14 -22 0
3 2 -10 20 0
21 -6 -7 0
-21 4 23 -12 -20 3 0
-15 6 10 6 0
-7 -13 21 -1 0
8 -16 8 -14 7 4 0
-18 13 -1 14 15 0
-4 13 10 0
8 -16 0
-7 11 -17 0
-15 14 0
-14 14 0
3 -1 15 2 14 0
-16 21 4 5 -2 0
23 -5 -2 0
-5 5 -7 -17 0
18 8 -1 19 18 0
16 -8 -17 -18 0
-7 13 21 -10 -12 0
13 -21 1 0
4 17 -23 -19 -16 6 0
-10 -14 7 -7 0
5 11 18 22 -13 0
9 -17 20 0
-17 16 4 0
-21 19 -19 0
-4 1 14 -3 0
-7 -22 -15 -8 0
9 13 11 0
-19 2 -8 20 5 -18 0
22 14 -6 14 0
9 -10 -13 21 -15 -5 0
-22 13 0
-23 19 2 0
3 -15 0
20 -16 -18 -10 16 -19 0
2 9 13 2 0
15 16 -2 0
6 18 15 0
4 -17 13 -14 19 0
-23 -19 -4 0
-10 21 0
13 16 -15 -5 0
-9 15 3 4 0
-14 -12 -22 -15 0
-5 8 21 1 0
20 -16 10 -18 3 0
-22 2 -1 4 16 0
7 6 19 17 0
6 12 20 14 0
-18 20 -4 7 2 0
22 18 0
8 17 14 -19 0
17 15 22 -16 -13 0
-20 12 -13 -22 6 -4 0
15 19 17 6 -19 0
-2 10 4 -2 0
-17 3 -16 -12 0
10 14 -16 -19 -20 0
-19 10 0
-8 -16 -16 19 0
22 -15 21 5 0
-6 21 18 -13 4 0
-12 -2 -22 22 -16 0
10 -9 -5 0
21 3 -2 4 17 0
22 23 -3 -17 13 0
-12 21 -13 -13 -2 0
-9 -4 -6 -10 0
1 8 -8 0
-1 16 -18 -23 -8 0
6 12 7 0
1 21 14 2 0
8 21 -3 7 0
14 -13 -22 22 0
-16 -21 19 0
-8 -5 -9 -5 -17 -20 0
6 20 14 -20 0
-15 -21 0
17 -5 -10 17 0
-6 -14 6 0
5 -7 -10 15 -9 -6 0
-2 3 0
-22 23 17 0
-9 -5 -16 -1 5 0
12 3 20 -23 -22 0
-2 20 0
8 1 3 -8 0
-13 12 -3 -20 -12 0
16 17 -3 0
-6 -5 10 15 -9 0
3 -6 7 22 -14 -10 0
10 2 18 -4 0
-3 -3 1 -12 0
-17 14 -20 3 0
-20 -22 3 16 23 9 0
21 -11 0
2 23 11 -4 13 0
-4 19 -11 -19 20 0
7 -18 -20 -23 -4 0
17 -13 3 -13 0
14 3 -6 10 0
7 -9 -21 0
-10 17 13 0
-10 12 23 0
-16 10 0
-4 13 17 13 0
-6 -2 2 0
-20 -19 15 7 -15 0
-5 21 12 12 0
-7 21 20 -4 0
14 -19 -11 15 12 0
23 -3 11 -16 9 0
17 -23 -20 3 15 16 0
12 -18 9 -3 -15 -15 0
23 5 7 0
-7 15 -20 -2 0
-4 20 -16 10 0
-11 2 7 -20 11 22 0
-7 1 -18 0
-17 9 -4 13 17 0
-8 17 10 8 0
2 -9 -23 15 -13 0
-15 -21 21 -12 0
1 -13 20 4 12 0
-7 20 14 -17 0
10 -6 -23 19 6 0