c
c start with comments
c
p cnf 28 144
-24 11 -27 12 0
-28 1 0
-10 -12 3 26 -21 23 0
-4 13 3 8 4 18 0
-27 27 -28 2 0
9 4 15 3 0
-13 15 0
-3 15 -17 -19 0
-14 -26 6 24 27 0
-23 10 -20 -10 -26 0
-13 -20 28 -12 0
-3 -25 -16 0
8 -25 8 13 0
-17 27 0
-17 12 -2 -21 12 0
-7 4 12 0
13 -13 18 20 22 0
-3 -10 12 21 19 -2 0
4 15 13 -10 7 -10 0
3 18 21 -22 10 0
1 20 -9 17 0
-14 9 -25 -20 0
-27 -14 21 2 0
-25 23 -3 -10 -15 0
-9 2 -25 0
10 3 -9 -26 0
-21 10 3 11 18 0
14 21 3 -17 -14 0
8 25 14 -17 0
15 -4 -10 -25 -3 0
8 -15 -19 2 0
-20 25 0
-20 -2 -9 25 0
-25 -14 8 -10 -16 -24 0
-14 14 0
27 12 10 -22 3 0
6 -24 -11 15 -12 0
18 5 -21 -21 22 0
-21 2 3 0
13 19 0
1 -12 -22 18 1 13 0
11 -5 -19 9 20 -11 0
-19 1 28 0
-14 6 2 10 12 -19 0
-9 24 23 25 0
-26 -2 14 0
10 -25 21 -28 0
-11 -1 17 0
25 3 0
-27 -21 -21 16 0
-8 -23 25 0
13 -2 11 0
-19 5 -26 -5 0
-19 -14 -12 15 4 -18 0
-26 -15 24 10 7 0
11 10 -3 -3 -9 17 0
-3 -12 27 -17 -9 0
-26 -13 15 0
13 -16 -7 17 0
14 6 -20 0
8 19 0
10 11 21 -9 -21 0
-24 -12 24 -3 -22 0
3 -18 0
-14 2 -1 0
-28 -18 16 18 0
21 21 -3 3 0
3 -17 10 -5 -15 0
-13 7 -22 21 0
23 13 25 5 25 0
-12 -17 -1 13 -1 0
-9 17 0
-1 13 25 -8 0
-13 16 3 18 0
-22 17 8 -3 0
-26 -2 23 0
24 19 16 6 -2 0
-5 2 27 4 3 -20 0
-5 8 -4 -16 0
4 13 7 21 8 0
8 13 -27 5 0
9 23 -27 -14 7 -6 0
18 20 -7 -7 0
-1 -15 14 0
-21 -24 -10 0
24 -18 -23 0
22 -2 -5 -12 0
20 13 -17 23 0
17 -10 19 -11 27 -17 0
9 -16 -23 22 26 0
-20 -2 19 10 0
26 3 28 0
-14 -8 -14 13 -10 0
19 -20 2 -25 0
21 -17 22 13 -7 0
-3 -18 5 18 -14 0
-19 -14 25 -26 9 0
-23 15 26 0
-23 -6 -13 0
10 9 7 8 24 0
-2 3 24 -24 0
11 -11 -16 -5 -28 0
-19 18 -24 21 -12 0
25 -20 -12 0
-20 -21 21 0
9 -25 -7 21 -6 7 0
24 -23 11 11 0
19 -2 17 -26 -15 23 0
14 -6 25 -25 18 -25 0
17 4 -10 8 27 0
19 -22 23 11 -26 0
23 -23 -26 -3 0
-26 -18 3 -8 12 25 0
21 14 6 -14 -16 0
-13 11 0
6 -11 -28 0
-8 24 -15 -17 8 0
-26 12 -24 9 18 25 0
-26 22 -2 -2 -22 0
21 17 16 0
2 -28 0
11 18 14 0
22 -23 14 11 0
-6 27 12 -8 -7 0
-7 -21 13 -4 13 0
7 20 0
14 -10 -10 25 6 0
-12 -14 0
-8 -10 -26 24 -16 0
-1 -19 -16 -2 11 -4 0
8 -27 16 10 -24 0
-19 10 -27 -6 0
20 1 22 8 15 0
10 -4 3 0
8 -17 19 7 0
-22 27 -24 -16 0
5 22 -19 21 2 10 0
19 22 -19 0
-6 23 7 0
-17 -17 -7 -25 15 0
23 -17 0
-13 -25 15 0
-10 2 -19 -16 -10 0
-10 27 -15 0