c
c start with comments
c
p cnf 48 109
23 3 46 17 7 10 0
-24 27 0
36 15 -41 0
41 -22 0
-12 24 0
39 41 37 40 0
-2 -31 -7 30 36 -41 0
-25 -26 -32 38 0
21 -46 18 -24 -46 0
37 35 -18 5 -43 46 0
31 30 41 0
-29 -41 5 0
45 47 -8 -23 -38 0
47 32 9 -43 9 0
38 -2 -18 0
16 -21 4 31 0
36 6 -21 0
18 13 0
9 7 0
36 -7 -45 0
35 36 0
-37 -40 15 14 0
2 -41 6 -37 0
23 -4 32 0
38 -34 -2 16 -33 -38 0
-38 -3 26 26 14 -35 0
-2 17 -7 -42 31 -30 0
-44 14 -9 25 14 0
10 10 -48 7 3 0
36 43 -39 0
44 -7 39 0
6 -46 42 -6 0
4 6 -3 -37 0
12 41 37 0
5 1 8 0
33 -6 40 6 0
-28 41 14 19 -42 -26 0
46 33 0
-38 22 -46 0
26 -37 14 -32 -26 0
43 30 8 45 0
17 24 -11 0
-42 -34 23 0
30 18 -6 -19 14 0
-13 29 -10 0
35 -5 -31 -20 5 11 0
-43 -14 -18 25 -7 0
-7 -28 -25 -21 -45 0
-13 4 -21 41 0
-45 -39 -19 0
-16 38 18 -15 -1 0
-21 45 -4 0
27 20 -5 0
-39 -1 0
31 9 2 0
39 -23 45 18 -33 0
-48 29 0
10 37 -27 -12 -46 -31 0
6 -8 -43 4 -22 -26 0
-11 12 8 17 0
35 -43 12 -11 -30 -24 0
17 47 11 -29 0
-6 42 39 -9 25 -40 0
-44 10 -8 -4 0
42 2 48 0
-4 -44 1 -48 0
11 -34 21 -23 0
-9 -24 -45 36 -41 0
-14 5 -33 10 0
18 -37 20 -2 0
25 10 0
43 4 0
18 -15 18 -39 -1 0
-42 10 0
-29 18 -31 0
-19 -24 -38 0
3 -31 -6 45 0
-3 45 -17 41 4 0
-15 -21 -10 6 -45 5 0
-2 -21 -24 3 0
7 -11 22 -18 21 0
21 -37 36 13 -37 0
-26 34 6 28 -42 0
-33 42 46 0
-34 -2 -2 0
26 11 4 37 9 -28 0
35 26 44 -47 0
-5 13 -15 -32 0
14 33 -14 18 -16 -19 0
3 -11 47 21 36 0
-25 36 -41 0
-6 -21 18 0
-25 41 -46 -40 -24 -13 0
-31 -37 41 0
36 46 -34 -16 0
24 -25 -33 0
-7 6 2 0
36 -14 16 -25 -44 0
28 26 27 0
-14 24 -26 36 -45 0
36 10 5 0
-14 20 28 0
-5 -40 -19 -27 0
21 47 -6 -34 26 0
5 13 -7 9 0
30 37 -43 0
5 13 19 0
-30 -37 6 -29 32 0
29 8 -45 0