c
c start with comments
c
p cnf 52 84
-23 28 0
-17 -28 29 19 51 -25 0
-48 -46 -51 -38 0
-36 37 30 -44 -37 13 0
14 -46 0
33 -15 0
3 23 34 0
-45 48 -42 -24 42 0
-22 -31 20 31 0
4 -19 -10 -2 0
15 22 12 38 2 0
48 -14 35 11 -8 -33 0
51 42 -52 11 -41 41 0
-45 -45 -12 19 0
22 34 -36 -39 -23 -51 0
-21 -9 35 33 0
38 3 39 -4 -13 0
11 -1 38 48 0
39 23 42 49 26 0
-34 -12 30 0
-12 37 0
-40 -52 49 -6 -15 0
35 -8 11 0
-37 -15 25 0
3 17 11 -49 -13 0
-22 -52 21 0
-7 -48 25 -11 -26 0
51 -5 -26 -11 -26 0
-19 29 6 0
33 -46 0
25 46 -39 0
-20 11 -40 -18 -50 0
-30 -26 -50 -25 38 21 0
-2 14 7 0
35 28 0
-20 35 -27 -37 -16 0
-19 48 -2 -45 -50 0
19 9 -51 46 28 25 0
-21 -21 18 0
-44 2 0
-10 -44 6 0
-34 -31 -6 6 0
-18 2 -47 -13 0
41 -43 0
51 12 -7 36 0
2 21 -50 0
-16 8 -25 -49 3 50 0
-36 -9 -33 43 -22 0
-39 -9 -8 -10 0
16 3 -17 -12 0
-48 -50 30 10 26 0
31 4 -42 38 -25 0
-28 50 50 7 -48 0
-17 -21 -38 27 20 0
-17 -34 5 0
41 -19 5 -48 0
22 40 -51 0
39 26 -17 0
-42 21 21 0
-24 -37 10 48 45 25 0
10 -32 24 -20 0
-27 -43 0
-47 -43 -1 0
12 -20 18 -28 45 0
46 -23 -50 -13 25 0
-24 9 -17 -26 0
32 -48 -49 1 -19 0
-8 5 31 50 21 0
13 29 17 0
-13 -3 -32 -9 -2 37 0
24 -3 49 0
30 33 1 0
32 42 -24 11 -46 0
49 -14 -18 48 9 0
-7 -22 0
29 10 23 10 24 -43 0
-36 -50 44 0
3 23 -37 24 43 0
-43 -32 42 15 -27 30 0
40 -40 -41 0
-23 -16 0
25 -32 51 0
15 -41 -48 0
-45 -9 -47 16 0