c
c start with comments
c
p cnf 37 66
24 -2 -13 -14 26 0
-2 -9 -29 0
35 4 -3 0
-26 -35 33 36 0
-36 -12 -21 9 34 0
30 -12 -22 -32 0
-22 -17 6 -4 0
-27 -35 -34 -2 0
-36 14 23 -22 -20 0
-9 -33 32 30 -30 0
22 15 -9 0
-6 30 25 0
12 13 21 0
7 -9 -26 0
29 -1 0
-33 -30 -25 0
23 -6 -4 0
-28 -5 0
20 3 0
20 1 0
4 3 -24 24 0
35 -34 13 18 35 0
-36 1 5 -11 0
9 -4 30 27 -4 0
3 27 35 0
-8 16 -25 0
37 -34 -12 -35 0
-36 -29 20 -32 0
27 -10 37 4 13 0
-5 -21 -5 18 21 0
-34 -33 7 -22 0
-26 -36 29 -17 0
-4 -17 35 0
-32 26 0
30 35 18 34 -32 -25 0
-22 5 33 -32 -36 0
29 36 -32 0
10 33 27 -14 -32 0
-30 7 -23 0
18 16 -25 32 7 0
38 -26 9 15 4 -11 0
10 21 17 -33 0
2 21 -33 0
-38 24 14 26 7 28 0
13 -16 -38 16 0
26 -28 -10 0
-31 -37 0
24 -21 4 -9 25 0
-32 -30 -30 0
9 32 36 -17 0
30 18 3 -21 -5 -35 0
7 22 0
31 -38 -4 -30 -14 0
-35 29 -25 -28 0
18 -29 35 0
-3 -26 5 32 22 14 0
6 -37 37 23 -15 -3 0
2 -27 14 0
-11 12 36 0
28 -16 -21 2 0
-32 29 1 21 25 0
10 2 17 0
-3 -35 27 36 0
-31 -8 -18 -3 0
-34 13 -13 5 0
33 -11 27 0