c
c start with comments
c
p cnf 25 89
2 4 -22 20 -9 0
10 -17 24 0
-15 -16 5 0
22 14 9 0
24 -24 -7 -2 0
-24 19 21 1 18 0
3 18 1 -17 0
-16 -20 6 0
-20 -12 5 0
-10 -18 8 -13 -12 0
-12 -18 23 13 -4 0
13 22 0
25 -24 -10 0
15 -15 -23 -14 -13 0
-24 17 -23 23 -4 -6 0
-23 15 14 -12 -15 0
3 3 -12 -7 0
19 3 1 0
-7 15 -8 0
-18 5 0
17 -17 9 -20 0
11 6 -24 0
-18 -5 16 0
15 12 -23 0
11 -1 4 0
-21 21 2 -14 -18 0
14 -15 24 3 -15 0
-6 4 10 -10 0
3 15 14 -13 -12 4 0
-14 9 4 -25 0
-24 16 15 -19 -13 -16 0
-6 -3 7 23 0
3 -13 24 0
17 10 24 0
21 -11 -22 0
23 -15 0
19 -9 -12 -16 17 17 0
-24 15 0
-8 -5 0
-12 2 13 12 0
-4 4 14 0
19 11 -14 -21 -6 0
10 3 6 -18 0
12 24 14 -17 0
16 13 11 0
-11 -10 -23 -20 0
-13 14 -13 0
1 10 3 -4 -12 0
20 -4 23 2 0
-5 -2 0
-8 7 -6 0
-12 9 -20 -2 14 0
-18 -15 -14 0
-15 2 -2 -18 25 0
13 -2 0
15 -22 -20 -1 10 0
-10 4 -18 0
25 15 -11 2 23 0
23 -14 22 19 0
-23 10 -18 0
7 10 -22 -11 0
-3 25 17 0
-16 15 0
7 -18 2 -2 -25 0
-12 22 5 -17 -20 -4 0
12 -11 3 -13 4 23 0
-11 22 -4 21 0
-2 3 10 1 17 20 0
-3 -9 -13 20 0
-19 6 -17 0
-12 -9 -7 13 18 0
13 18 6 -13 0
-2 -20 14 14 12 9 0
-22 14 -23 -23 -13 0
-18 -18 -24 -4 -5 6 0
17 -6 -7 0
12 8 -19 0
19 -8 21 -14 -22 0
4 5 0
-8 2 0
-17 22 17 -19 0
11 15 8 22 0
25 -16 -22 20 0
-6 -3 21 21 -3 0
-13 10 -4 0
7 16 -18 15 0
14 -14 13 -12 8 0
-16 -19 14 0
2 24 -5 -11 -15 11 0