c
c start with comments
c
p cnf 23 77
9 -1 18 0
5 15 22 7 16 0
23 -6 14 -14 -12 9 0
1 22 0
-2 4 -15 0
-11 -3 -18 -15 0
-2 -4 9 -6 0
-18 5 7 0
-7 4 8 -5 10 0
16 12 0
-9 -1 -23 -11 -5 0
13 -5 -8 -6 0
-9 -4 6 0
7 21 16 -15 -10 -14 0
-6 -9 4 0
19 16 -1 4 -1 0
-4 -2 -15 0
-10 -6 -19 0
7 19 0
-10 20 22 19 0
13 -9 3 2 14 -10 0
-13 -7 -23 0
-14 13 17 -22 0
8 14 16 9 0
8 -7 18 13 -10 6 0
9 -13 -9 -5 0
-4 -16 22 16 -18 0
-15 14 -21 0
-13 1 13 19 0
-9 16 7 16 0
-14 15 18 19 0
-18 -14 0
-3 -6 12 -21 0
-6 -12 9 -18 0
-6 -2 7 -16 2 -21 0
8 -6 -15 -9 0
20 6 23 -14 -3 0
4 8 0
10 17 22 -2 19 0
-6 14 -4 -15 -13 -4 0
-4 4 -5 -23 17 0
5 23 22 8 11 0
-6 20 -12 12 0
-10 15 -22 -17 -7 -10 0
-5 -18 -1 -14 0
-19 -17 5 -4 -4 0
-12 -4 0
-11 -20 0
5 -14 -10 -18 -22 0
-11 -10 3 7 -3 0
-15 -11 1 23 -21 0
16 -16 -7 0
-20 -16 -19 1 4 0
9 -2 3 13 16 0
-21 -12 -19 -22 0
6 -17 2 0
-17 23 14 12 -1 0
16 9 5 7 0
-2 -21 -6 0
-2 -19 0
-5 11 2 0
10 -3 -5 -20 1 0
-20 20 0
3 -18 -15 0
-20 -17 3 -23 0
17 14 -22 0
8 -7 -12 12 19 16 0
5 -8 18 1 -9 0
15 21 -13 0
-8 7 2 0
-21 -7 -19 5 -13 17 0
2 -22 -8 2 0
-1 11 -22 -16 7 -2 0
13 -2 -11 8 0
9 7 -19 -9 -7 8 0
12 10 22 -20 -21 0
6 -1 -15 19 0