c
c start with comments
c
p cnf 26 82
25 -15 0
-26 -16 5 -20 23 0
10 -3 -17 4 -18 6 0
13 20 0
-20 -17 -6 17 -26 20 0
2 5 11 -16 8 0
-3 -21 -5 -25 -25 0
11 7 -16 -8 20 0
-12 -8 3 -16 -22 0
-6 9 19 0
-8 -19 19 5 5 0
6 13 -25 -10 9 0
-5 7 0
21 20 -11 0
-18 24 0
5 16 -3 -4 0
10 25 -23 14 -26 -9 0
14 4 20 1 1 0
-22 14 10 -7 0
-15 -8 -13 4 -7 0
19 -13 -18 -19 0
-23 -8 -8 10 -19 0
19 -5 -17 12 0
-16 -24 26 0
-13 -26 -4 15 -15 -10 0
-7 -16 -15 0
15 -26 -22 -2 3 21 0
6 1 7 0
19 13 8 23 -12 0
-15 -26 0
14 -6 -20 -19 0
-16 -13 -2 -15 -9 0
-8 -16 7 2 16 -24 0
-19 3 21 3 0
2 -11 2 -1 -8 0
8 17 5 0
7 23 -24 -9 -20 -8 0
4 -5 20 3 -2 -16 0
16 21 16 -11 2 0
-14 15 22 16 0
4 -18 0
5 -11 2 0
21 -15 20 25 0
-15 21 24 -2 16 23 0
-13 18 -19 0
24 -13 -7 -23 7 0
-22 -4 -6 0
-15 9 8 -7 -15 0
-19 -16 11 8 0
-1 8 -17 22 0
-9 3 3 3 0
-10 6 17 0
7 21 15 5 -4 -22 0
-15 -15 3 -23 0
-14 17 20 -22 0
-24 -21 0
8 17 0
-21 8 -14 -15 7 2 0
-19 -16 -24 0
-25 -16 -3 -10 0
22 -10 0
-17 23 0
-10 -15 -8 4 0
13 10 15 20 16 7 0
5 -25 23 5 5 0
25 7 -10 4 -4 0
-26 -6 17 16 0
13 25 4 22 0
17 -8 -25 0
16 25 0
3 7 24 0
25 -20 -12 0
24 14 -21 25 0
12 2 26 13 18 0
-3 -20 -19 0
9 -4 8 -8 13 0
20 24 0
25 -24 -16 5 0
-15 -2 -5 9 -23 0
-11 -4 15 -2 9 0
-9 4 17 -3 0
12 -4 13 0