c
c start with comments
c
p cnf 21 51
3 10 5 0
-18 -12 17 -13 -11 0
12 8 -11 -13 0
-8 -8 -21 -3 11 11 0
-9 -3 15 -19 20 0
-4 -5 0
-20 -19 9 -11 18 -18 0
5 17 20 -13 -11 0
12 -14 16 -13 -20 0
19 3 -8 -18 0
-14 -7 -6 0
9 -15 0
10 6 -8 0
-3 9 -15 13 14 0
-21 -11 0
20 -17 -11 0
3 -21 -17 -16 0
20 -2 14 9 0
16 -18 -14 0
2 5 16 12 -13 0
12 -9 12 0
6 11 16 15 0
-19 -10 15 -2 21 -18 0
-12 20 -9 12 0
3 4 16 0
3 -5 19 0
10 -13 -14 0
14 7 2 13 11 -7 0
5 -5 -17 0
-12 4 -2 0
-3 -12 2 16 -19 0
-20 4 -6 0
17 -18 6 5 0
-7 5 19 5 5 4 0
-8 -8 4 0
13 -10 -2 -16 0
3 -13 -19 0
-4 -20 7 14 9 0
19 13 -16 -15 0
-5 7 0
16 -6 -10 2 0
-1 -12 16 -3 0
20 -7 5 -13 0
-18 -19 0
-1 -7 -4 0
7 -20 8 0
20 17 -10 -2 0
13 9 -10 14 -16 0
3 -17 10 11 -13 0
16 4 13 0
-4 19 13 0