c
c start with comments
c
p cnf 50 134
46 -34 21 -45 45 0
25 45 -27 0
9 9 0
-26 -17 0
-14 -5 43 0
-21 -30 45 -21 0
24 -32 -4 -30 0
-26 4 -10 0
39 10 -29 44 0
-23 -48 0
44 -37 -45 0
46 -28 -49 18 0
47 41 0
-29 37 0
27 -46 -11 46 9 0
-27 -44 29 -45 32 0
-28 -16 -26 -13 -46 0
36 -32 -21 -4 -20 45 0
-31 -28 0
14 29 -12 17 0
-32 -33 11 19 0
11 34 -8 39 0
42 -50 30 0
32 1 32 0
-18 -30 -39 29 -12 0
-23 -31 -10 0
4 15 50 18 30 0
-22 -33 0
-5 8 -23 0
10 -21 1 17 -34 0
34 -11 2 -18 -23 0
-49 -18 29 23 0
-37 19 -49 0
-8 40 -10 33 0
-23 -29 -26 0
-45 -45 -7 0
-8 5 0
-24 -4 48 36 0
29 -25 32 -22 0
-44 10 18 0
24 44 24 42 0
-29 35 -35 25 0
-2 -34 30 0
37 -33 -43 -22 0
-46 25 1 26 0
3 -38 -24 0
6 27 50 15 0
-21 -5 39 -36 0
-31 -32 14 9 0
46 17 26 36 0
-14 -10 37 0
46 16 14 9 -29 -33 0
24 -11 34 -16 -41 48 0
-36 -13 43 -46 20 45 0
-9 19 15 0
34 -35 31 -29 12 0
29 -2 3 0
18 -8 0
-8 1 0
16 44 26 0
24 28 -47 -20 -22 0
-12 -8 -12 17 0
27 25 -14 23 0
12 6 27 0
-48 -21 -10 19 -7 -19 0
47 11 0
46 31 12 48 0
-44 36 38 7 0
4 -44 0
-48 34 -21 40 28 48 0
23 47 22 35 46 0
-19 -39 -20 0
-29 -41 13 -22 0
-16 5 40 -45 14 0
-23 -39 -50 -14 -8 29 0
-41 -6 11 0
-37 30 -36 -23 -10 -15 0
4 28 0
-4 -22 21 48 2 40 0
-49 -21 -16 36 -8 -30 0
8 2 47 0
-29 -32 31 32 12 0
23 8 44 -23 38 0
8 35 37 23 0
35 -38 30 40 0
11 -21 13 0
-35 27 0
-27 24 46 -16 38 0
-1 -37 35 45 0
43 -34 50 45 0
-1 24 -7 -37 22 -45 0
-50 12 39 -4 41 0
-9 43 -47 -44 8 0
-24 -41 0
-34 -36 31 -9 13 0
33 39 -47 -9 48 0
17 10 6 0
-46 -39 30 13 -30 0
-45 3 -16 0
33 -12 -2 -6 -24 0
34 49 0
-47 -24 36 0
30 48 5 15 0
-7 27 0
44 -49 0
-10 27 -24 28 0
-13 -38 -10 0
-24 29 0
-3 27 5 0
-32 -39 -30 0
1 16 -24 18 31 0
-14 10 45 41 28 0
-23 -41 -46 0
3 16 -49 -19 11 0
-22 3 29 0
30 -8 24 49 0
18 35 0
-13 39 -33 42 -4 0
48 19 0
25 3 -4 0
-23 33 8 0
13 30 -13 39 38 0
37 25 6 50 0
24 -35 -45 31 14 0
39 37 18 -22 -8 0
37 5 25 -30 0
-13 26 29 44 0
-19 -3 30 0
-48 -38 13 26 43 0
47 -25 -50 -36 -3 0
-24 -37 -29 12 48 -7 0
43 24 -38 -14 0
21 33 -16 0
34 -28 -21 23 -33 0