c
c start with comments
c
p cnf 49 54
-20 11 0
-33 -7 0
-3 19 12 44 -5 -27 0
-5 39 -15 0
-35 -49 -29 0
24 15 0
-10 -37 1 0
-28 -19 -48 0
-46 -45 -44 0
-28 -25 40 19 0
49 15 6 41 0
31 -2 -5 42 39 0
-39 24 21 -43 0
41 -50 -15 38 25 -24 0
23 -34 12 3 23 0
-9 -9 30 -41 0
-7 22 -27 13 0
-12 -8 13 42 -46 -36 0
42 -34 -13 30 -37 35 0
-43 2 -11 0
-20 -9 -2 0
-32 -37 -33 -41 0
-44 18 -13 40 0
-2 4 -22 0
6 -23 -44 40 0
-22 -38 43 -25 35 0
-36 -25 -19 0
-12 11 -28 0
-18 44 26 3 -46 0
36 7 27 -11 42 0
33 -38 -49 -5 0
-5 18 -10 23 39 -8 0
-22 40 -24 43 0
-49 12 0
6 50 29 34 39 0
50 -9 23 -11 0
25 21 -36 32 45 40 0
20 -16 21 0
-29 30 41 0
-2 -25 44 -15 0
-3 -5 33 -46 43 0
16 4 -25 -29 0
-49 -32 10 21 38 0
4 -23 -17 0
-32 45 -48 39 24 0
-6 -11 41 48 0
37 -37 17 8 0
44 18 0
-16 -11 7 -26 0
-44 38 -11 0
3 23 5 -25 0
-19 -43 -36 48 17 0
-35 -34 -15 -16 17 0
45 20 -22 -47 46 18 0