c
c start with comments
c
p cnf 35 100
-10 10 -33 -23 -16 0
3 -4 -23 -9 -16 0
19 -23 0
14 33 0
23 -33 10 -25 24 0
-20 -24 28 7 0
-30 -26 2 17 -23 0
25 -8 -25 -8 0
-22 4 0
-18 -18 -34 -34 0
24 2 0
-26 -27 13 21 -16 2 0
14 -4 10 26 0
9 -35 14 -4 0
-33 -20 29 0
-3 -32 -15 -11 12 0
28 21 -33 0
-31 -10 20 19 28 0
24 -20 -28 3 0
4 -33 0
24 28 28 -10 20 0
24 -6 -2 31 0
-32 4 0
-32 -7 -33 11 -21 0
26 -5 31 0
-32 -3 6 -14 32 -23 0
26 9 27 -3 0
2 -21 -4 -29 0
-34 3 -3 -13 0
-22 -12 0
-31 29 -22 -15 -23 -24 0
1 2 -32 -27 0
27 6 -10 0
-31 15 28 0
-3 34 -12 -12 -22 0
9 3 32 -10 0
-16 -22 12 8 0
-17 2 -6 24 2 0
11 13 -25 0
-14 10 -2 -5 0
11 26 12 0
14 23 -17 20 0
-30 24 -12 14 0
7 -22 -5 9 0
-31 -8 -20 0
7 24 7 0
29 23 0
-35 6 -12 -10 23 7 0
-1 -33 9 25 -14 0
9 -11 12 27 -29 7 0
-2 26 11 29 -27 0
6 30 -34 0
11 -6 0
27 2 0
-6 16 -13 29 29 0
-30 -32 21 -21 12 0
-20 -26 19 -12 2 0
-13 22 -27 -4 -15 0
-13 -11 5 0
-13 25 0
29 -34 -32 24 16 0
-22 7 -19 -21 0
2 31 17 0
-28 -4 -12 -5 19 -30 0
26 24 -20 0
19 4 0
-3 14 -6 -22 0
-24 10 -4 10 30 0
5 23 17 22 -8 0
29 10 -28 -3 0
-8 9 33 -3 3 0
24 3 -8 17 0
-20 -20 0
-28 6 4 0
7 -29 -10 -26 0
6 -16 26 -10 -28 0
8 12 0
2 -16 6 11 0
-24 -6 10 0
-28 -26 -4 32 1 0
28 -8 18 17 26 -11 0
-15 -2 7 -25 -29 0
-7 -7 -30 -5 0
15 31 31 0
10 -32 -22 33 -28 22 0
6 -22 -34 -8 25 0
29 26 -24 0
22 -24 34 -10 0
-9 25 -10 13 7 0
31 9 -31 22 0
-22 13 -5 -33 -9 0
20 21 -6 32 9 0
25 12 13 14 27 -26 0
-25 -5 22 -10 -29 0
33 22 -33 0
-24 8 -31 2 0
-33 27 -27 -7 -17 0
-2 1 19 -31 19 0
-29 11 -9 -24 0
22 7 16 0