c
c start with comments
c
p cnf 35 108
-34 -23 6 25 0
20 -32 -24 -28 0
-7 -30 0
-3 -26 0
20 16 -29 20 14 0
11 -23 -27 0
9 20 24 -12 -10 9 0
1 3 -16 -27 18 0
22 32 -29 -27 0
34 -28 29 -17 31 0
-4 33 11 -9 0
31 18 -14 0
9 -29 29 -18 -22 -34 0
15 -25 -1 35 32 0
16 6 28 0
-19 -1 -32 -22 23 0
-16 20 -30 34 -30 -5 0
-16 13 0
-7 -9 -28 0
-6 27 -6 -17 0
-30 20 -25 30 29 0
-35 -21 0
-4 20 19 28 -5 0
20 19 29 32 32 -30 0
-5 31 19 -25 0
15 9 -31 -19 0
15 -34 32 0
-16 27 27 -27 -23 0
31 19 15 -14 -15 0
-24 27 32 2 0
4 -17 25 -5 28 -10 0
19 8 -32 35 -3 0
-10 -33 15 0
-1 -20 -4 7 22 0
-23 19 0
-2 33 -29 -13 0
-12 29 -8 -29 3 0
12 -3 21 -3 0
-3 -33 10 0
-34 -34 -16 -2 0
-27 -8 23 0
4 10 23 -17 0
26 25 -2 5 -9 -12 0
25 7 -13 0
-29 -7 31 5 -16 0
12 -7 -7 -18 24 -17 0
8 -4 7 15 -30 0
-19 5 31 -15 -25 0
-30 -30 10 -33 15 3 0
31 29 28 -10 0
12 6 -4 16 21 0
29 5 18 14 0
35 -8 2 0
19 -7 -17 6 12 13 0
-7 -30 -4 35 -34 -32 0
-34 -11 0
-4 7 -15 -22 -33 9 0
-17 -34 16 0
-1 -2 7 -33 0
15 17 -24 -23 0
-9 -17 -22 20 -19 0
28 19 -11 0
-1 25 24 -4 0
-3 29 0
-26 -2 -31 35 -21 0
7 16 11 31 0
-17 -11 0
23 1 14 -18 -14 0
-22 2 -7 0
-26 -31 11 0
29 19 33 3 -18 0
-8 31 -21 -13 22 0
23 32 5 0
26 -2 -7 4 0
-5 32 2 27 0
-17 18 -31 -23 0
-26 -13 -3 0
-15 5 30 -16 0
-22 19 -17 11 0
9 19 16 -24 0
-20 -32 0
-16 24 -6 0
33 -25 -24 0
31 -16 -13 0
-8 11 5 -32 0
28 12 0
-4 26 0
7 19 -4 22 -7 33 0
33 -15 -8 7 17 -31 0
-12 -8 3 0
31 -6 28 0
12 -29 -18 1 3 -11 0
-27 -7 0
-29 -24 18 0
-30 17 -34 3 0
-22 -9 -29 32 -30 0
21 -32 -31 21 -14 0
11 8 29 -28 0
24 -5 0
-26 20 23 0
-23 24 -34 -5 -19 22 0
8 -19 0
-3 5 -14 -8 8 0
19 -17 -3 0
-10 2 -6 -9 0
-8 19 17 0
-25 3 -32 0
4 -30 12 0